0, 0, 0
0.01, 0.789689, 0.00789689
0.02, 0.76943, 0.0155912
0.03, 0.74967, 0.0230879
0.04, 0.730433, 0.0303922
0.05, 0.711695, 0.0375092
0.06, 0.693409, 0.0444433
0.07, 0.67564, 0.0511997
0.08, 0.658273, 0.0577824
0.09, 0.641397, 0.0641964
0.1, 0.624921, 0.0704456
0.11, 0.608912, 0.0765347
0.12, 0.593257, 0.0824673
0.13, 0.578046, 0.0882477
0.14, 0.563186, 0.0938796
0.15, 0.548764, 0.0993672
0.16, 0.534648, 0.104714
0.17, 0.520953, 0.109923
0.18, 0.507575, 0.114999
0.19, 0.494545, 0.119944
0.2, 0.481845, 0.124763
0.21, 0.469488, 0.129458
0.22, 0.457446, 0.134032
0.23, 0.445693, 0.138489
0.24, 0.434263, 0.142832
0.25, 0.423099, 0.147063
0.26, 0.41227, 0.151185
0.27, 0.401664, 0.155202
0.28, 0.391364, 0.159116
0.29, 0.381331, 0.162929
0.3, 0.371534, 0.166644
0.31, 0.361982, 0.170264
0.32, 0.352724, 0.173791
0.33, 0.343642, 0.177228
0.34, 0.334844, 0.180576
0.35, 0.326237, 0.183839
0.36, 0.317865, 0.187017
0.37, 0.309709, 0.190114
0.38, 0.301763, 0.193132
0.39, 0.294027, 0.196072
0.4, 0.286477, 0.198937
0.41, 0.279113, 0.201728
0.42, 0.271949, 0.204448
0.43, 0.26498, 0.207098
0.44, 0.258187, 0.209679
0.45, 0.251542, 0.212195
0.46, 0.245095, 0.214646
0.47, 0.23879, 0.217034
0.48, 0.23269, 0.219361
0.49, 0.226689, 0.221627
0.5, 0.22089, 0.223836
0.51, 0.215224, 0.225989
0.52, 0.209688, 0.228085
0.53, 0.204317, 0.230129
0.54, 0.199052, 0.232119
0.55, 0.193974, 0.234059
0.56, 0.188963, 0.235949
0.57, 0.184132, 0.23779
0.58, 0.179416, 0.239584
0.59, 0.174798, 0.241332
0.6, 0.170307, 0.243035
0.61, 0.165928, 0.244694
0.62, 0.161705, 0.246311
0.63, 0.157523, 0.247887
0.64, 0.153489, 0.249422
0.65, 0.149545, 0.250917
0.66, 0.145721, 0.252374
0.67, 0.141979, 0.253794
0.68, 0.138321, 0.255177
0.69, 0.134785, 0.256525
0.7, 0.131318, 0.257838
0.71, 0.127959, 0.259118
0.72, 0.124662, 0.260364
0.73, 0.121455, 0.261579
0.74, 0.118355, 0.262763
0.75, 0.115315, 0.263916
0.76, 0.112355, 0.265039
0.77, 0.109459, 0.266134
0.78, 0.106656, 0.2672
0.79, 0.103929, 0.26824
0.8, 0.101266, 0.269252
0.81, 0.0986544, 0.270239
0.82, 0.0961244, 0.2712
0.83, 0.0936523, 0.272137
0.84, 0.0912416, 0.273049
0.85, 0.0889194, 0.273938
0.86, 0.0866332, 0.274805
0.87, 0.0843938, 0.275649
0.88, 0.0822469, 0.276471
0.89, 0.0801305, 0.277272
0.9, 0.0780824, 0.278053
0.91, 0.0760628, 0.278814
0.92, 0.0741097, 0.279555
0.93, 0.0722118, 0.280277
0.94, 0.0703783, 0.280981
0.95, 0.0685575, 0.281666
0.96, 0.0667815, 0.282334
0.97, 0.0650856, 0.282985
0.98, 0.0634152, 0.283619
0.99, 0.0617727, 0.284237
1, 0.0602028, 0.284839
1.01, 0.0586574, 0.285425
1.02, 0.0571435, 0.285997
1.03, 0.0556745, 0.286554
1.04, 0.0542655, 0.287096
1.05, 0.0528481, 0.287625
1.06, 0.0515179, 0.28814
1.07, 0.0501774, 0.288642
1.08, 0.0488778, 0.289131
1.09, 0.0476594, 0.289607
1.1, 0.0464023, 0.290071
1.11, 0.0452183, 0.290523
1.12, 0.0440743, 0.290964
1.13, 0.0429222, 0.291393
1.14, 0.0418492, 0.291812
1.15, 0.0407443, 0.292219
1.16, 0.0397252, 0.292616
1.17, 0.0386839, 0.293003
1.18, 0.0377082, 0.29338
1.19, 0.0367161, 0.293748
1.2, 0.0357844, 0.294105
1.21, 0.0348778, 0.294454
1.22, 0.0339754, 0.294794
1.23, 0.0331032, 0.295125
1.24, 0.0322518, 0.295447
1.25, 0.0314389, 0.295762
1.26, 0.0306073, 0.296068
1.27, 0.0298472, 0.296366
1.28, 0.0290533, 0.296657
1.29, 0.0283335, 0.29694
1.3, 0.0275994, 0.297216
1.31, 0.0268716, 0.297485
1.32, 0.0261942, 0.297747
1.33, 0.025532, 0.298002
1.34, 0.0248709, 0.298251
1.35, 0.0242334, 0.298493
1.36, 0.0236083, 0.298729
1.37, 0.0230011, 0.298959
1.38, 0.0224168, 0.299184
1.39, 0.0218263, 0.299402
1.4, 0.0212822, 0.299615
1.41, 0.0207269, 0.299822
1.42, 0.0202179, 0.300024
1.43, 0.019673, 0.300221
1.44, 0.0191671, 0.300412
1.45, 0.0186892, 0.300599
1.46, 0.0181977, 0.300781
1.47, 0.0177405, 0.300959
1.48, 0.0172754, 0.301132
1.49, 0.0168491, 0.3013
1.5, 0.0164088, 0.301464
1.51, 0.0159908, 0.301624
1.52, 0.015564, 0.30178
1.53, 0.0151826, 0.301931
1.54, 0.0147698, 0.302079
1.55, 0.0144002, 0.302223
1.56, 0.0140435, 0.302364
1.57, 0.0136728, 0.3025
1.58, 0.0133262, 0.302634
1.59, 0.0129891, 0.302763
1.6, 0.0126517, 0.30289
1.61, 0.0123283, 0.303013
1.62, 0.0119984, 0.303133
1.63, 0.0117154, 0.30325
1.64, 0.0113842, 0.303364
1.65, 0.0111125, 0.303475
1.66, 0.0108153, 0.303584
1.67, 0.0105638, 0.303689
1.68, 0.0102583, 0.303792
1.69, 0.0100155, 0.303892
1.7, 0.00974472, 0.303989
1.71, 0.00950496, 0.304084
1.72, 0.00926188, 0.304177
1.73, 0.00902162, 0.304267
1.74, 0.00879323, 0.304355
1.75, 0.0085727, 0.304441
1.76, 0.00834273, 0.304524
1.77, 0.00812945, 0.304606
1.78, 0.00791211, 0.304685
1.79, 0.00773626, 0.304762
1.8, 0.00750735, 0.304837
1.81, 0.00733807, 0.304911
1.82, 0.00712108, 0.304982
1.83, 0.00697719, 0.305052
1.84, 0.00676264, 0.305119
1.85, 0.00661797, 0.305185
1.86, 0.00642183, 0.30525
1.87, 0.00626789, 0.305312
1.88, 0.00610028, 0.305373
1.89, 0.00596261, 0.305433
1.9, 0.00578837, 0.305491
1.91, 0.00566759, 0.305547
1.92, 0.00548556, 0.305602
1.93, 0.00537725, 0.305656
1.94, 0.0052146, 0.305708
1.95, 0.00510271, 0.305759
1.96, 0.00495372, 0.305809
1.97, 0.00485153, 0.305857
1.98, 0.00468994, 0.305904
1.99, 0.0046074, 0.30595
2, 0.00446926, 0.305995
2.01, 0.00434333, 0.306038
2.02, 0.00424712, 0.306081
2.03, 0.00414492, 0.306122
2.04, 0.00402492, 0.306163
2.05, 0.00392492, 0.306202
2.06, 0.00381756, 0.30624
2.07, 0.00372731, 0.306277
2.08, 0.00362712, 0.306314
2.09, 0.00354447, 0.306349
2.1, 0.00345396, 0.306384
2.11, 0.00335203, 0.306417
2.12, 0.00328413, 0.30645
2.13, 0.00318118, 0.306482
2.14, 0.00311821, 0.306513
2.15, 0.00301835, 0.306543
2.16, 0.00295086, 0.306573
2.17, 0.0028688, 0.306601
2.18, 0.00280149, 0.306629
2.19, 0.00272287, 0.306657
2.2, 0.00266478, 0.306683
2.21, 0.00258155, 0.306709
2.22, 0.00253588, 0.306734
2.23, 0.0024495, 0.306759
2.24, 0.00240886, 0.306783
2.25, 0.00232643, 0.306806
2.26, 0.00227851, 0.306829
2.27, 0.00220396, 0.306851
2.28, 0.00217578, 0.306873
2.29, 0.00210038, 0.306894
2.3, 0.00204526, 0.306914
2.31, 0.00199611, 0.306934
2.32, 0.00195067, 0.306954
2.33, 0.00188338, 0.306973
2.34, 0.00185272, 0.306991
2.35, 0.00180593, 0.307009
2.36, 0.0017577, 0.307027
2.37, 0.00170066, 0.307044
2.38, 0.00166251, 0.30706
2.39, 0.00161444, 0.307076
2.4, 0.00160457, 0.307092
2.41, 0.00152881, 0.307108
2.42, 0.00150319, 0.307123
2.43, 0.00145809, 0.307137
2.44, 0.00142939, 0.307152
2.45, 0.00137068, 0.307165
2.46, 0.00135966, 0.307179
2.47, 0.00132831, 0.307192
2.48, 0.00126498, 0.307205
2.49, 0.00125556, 0.307217
2.5, 0.0012176, 0.30723
2.51, 0.00118894, 0.307242
2.52, 0.00117255, 0.307253
2.53, 0.00110081, 0.307264
2.54, 0.00111682, 0.307275
2.55, 0.00106226, 0.307286
2.56, 0.00104357, 0.307297
2.57, 0.00101931, 0.307307
2.58, 0.000994863, 0.307317
2.59, 0.000949458, 0.307326
2.6, 0.00094551, 0.307336
2.61, 0.000915671, 0.307345
2.62, 0.000891419, 0.307354
2.63, 0.000875243, 0.307362
2.64, 0.000840429, 0.307371
2.65, 0.00082538, 0.307379
2.66, 0.000803441, 0.307387
2.67, 0.000781666, 0.307395
2.68, 0.000767665, 0.307403
2.69, 0.000749101, 0.30741
2.7, 0.000717049, 0.307417
2.71, 0.000708389, 0.307424
2.72, 0.000680711, 0.307431
2.73, 0.000671262, 0.307438
2.74, 0.000659057, 0.307444
2.75, 0.000641966, 0.307451
2.76, 0.000614461, 0.307457
2.77, 0.000602526, 0.307463
2.78, 0.000583353, 0.307469
2.79, 0.000571071, 0.307475
2.8, 0.000566457, 0.30748
2.81, 0.000539902, 0.307486
2.82, 0.000535449, 0.307491
2.83, 0.000505645, 0.307496
2.84, 0.000528813, 0.307501
2.85, 0.000464667, 0.307506
2.86, 0.000496194, 0.307511
2.87, 0.000464428, 0.307516
2.88, 0.000443255, 0.30752
2.89, 0.000436173, 0.307524
2.9, 0.000440546, 0.307529
2.91, 0.000426961, 0.307533
2.92, 0.000402875, 0.307537
2.93, 0.000400871, 0.307541
2.94, 0.000387161, 0.307545
2.95, 0.000381216, 0.307549
2.96, 0.000352819, 0.307552
2.97, 0.000363685, 0.307556
2.98, 0.000361796, 0.30756
2.99, 0.000333836, 0.307563
3, 0.000337876, 0.307566
3.01, 0.000311099, 0.307569
3.02, 0.000322478, 0.307573
3.03, 0.000314625, 0.307576
3.04, 0.000285093, 0.307579
3.05, 0.000304781, 0.307582
3.06, 0.000273728, 0.307584
3.07, 0.000281862, 0.307587
3.08, 0.000273353, 0.30759
3.09, 0.000254597, 0.307593
3.1, 0.000267404, 0.307595
3.11, 0.000235916, 0.307598
3.12, 0.000244788, 0.3076
3.13, 0.00024454, 0.307602
3.14, 0.000218559, 0.307605
3.15, 0.000234359, 0.307607
3.16, 0.000216255, 0.307609
3.17, 0.000214678, 0.307611
3.18, 0.000206416, 0.307613
3.19, 0.000212504, 0.307615
3.2, 0.000177361, 0.307617
3.21, 0.000208909, 0.307619
3.22, 0.000169089, 0.307621
3.23, 0.000206879, 0.307623
3.24, 0.000162336, 0.307625
3.25, 0.000171281, 0.307626
3.26, 0.000179429, 0.307628
3.27, 0.000156717, 0.30763
3.28, 0.000159105, 0.307631
3.29, 0.000156372, 0.307633
3.3, 0.000158851, 0.307635
3.31, 0.000143855, 0.307636
3.32, 0.000149808, 0.307637
3.33, 0.000127514, 0.307639
3.34, 0.000150437, 0.30764
3.35, 0.00013963, 0.307642
3.36, 0.000112563, 0.307643
3.37, 0.000147266, 0.307644
3.38, 9.54366e-005, 0.307645
3.39, 0.000145718, 0.307647
3.4, 0.000113338, 0.307648
3.41, 0.000103405, 0.307649
3.42, 0.000120986, 0.30765
3.43, 9.82796e-005, 0.307651
3.44, 0.00011448, 0.307652
3.45, 0.000110286, 0.307653
3.46, 9.65087e-005, 0.307654
3.47, 9.23811e-005, 0.307655
3.48, 0.000102562, 0.307656
3.49, 8.19029e-005, 0.307657
3.5, 0.00010254, 0.307658
3.51, 6.92816e-005, 0.307659
3.52, 8.77336e-005, 0.30766
3.53, 9.38934e-005, 0.307661
3.54, 8.31058e-005, 0.307661
3.55, 8.50796e-005, 0.307662
3.56, 8.34729e-005, 0.307663
3.57, 6.12408e-005, 0.307664
3.58, 7.81036e-005, 0.307664
3.59, 7.17828e-005, 0.307665
3.6, 6.35616e-005, 0.307666
3.61, 7.27568e-005, 0.307667
3.62, 5.42438e-005, 0.307667
3.63, 8.07587e-005, 0.307668
3.64, 4.97012e-005, 0.307668
3.65, 7.84554e-005, 0.307669
3.66, 3.90416e-005, 0.30767
3.67, 5.65287e-005, 0.30767
3.68, 6.86185e-005, 0.307671
3.69, 5.14372e-005, 0.307671
3.7, 5.51515e-005, 0.307672
3.71, 4.65306e-005, 0.307672
3.72, 5.59089e-005, 0.307673
3.73, 4.4273e-005, 0.307673
3.74, 6.82613e-005, 0.307674
3.75, 4.1031e-005, 0.307674
3.76, 3.09106e-005, 0.307675
3.77, 6.80717e-005, 0.307675
3.78, 3.38355e-005, 0.307676
3.79, 4.717e-005, 0.307676
3.8, 2.46945e-005, 0.307676
3.81, 5.4097e-005, 0.307677
3.82, 3.85505e-005, 0.307677
3.83, 4.02959e-005, 0.307678
3.84, 2.85867e-005, 0.307678
3.85, 3.79721e-005, 0.307678
3.86, 3.74008e-005, 0.307679
3.87, 2.69363e-005, 0.307679
3.88, 4.26302e-005, 0.30768
3.89, 4.20596e-005, 0.30768
3.9, 1.28028e-005, 0.30768
3.91, 4.19025e-005, 0.307681
3.92, 1.58926e-005, 0.307681
3.93, 3.44748e-005, 0.307681
3.94, 3.13882e-005, 0.307681
3.95, 4.5673e-005, 0.307682
3.96, 8.59688e-006, 0.307682
3.97, 2.75516e-005, 0.307682
3.98, 4.30792e-005, 0.307683
3.99, 1.11333e-005, 0.307683
4, 3.13378e-005, 0.307683
4.01, 1.09892e-005, 0.307683
4.02, 3.49687e-005, 0.307683
4.03, 1.72062e-005, 0.307684
4.04, 1.45666e-005, 0.307684
4.05, 2.75357e-005, 0.307684
4.06, 3.70232e-005, 0.307684
4.07, -3.71426e-006, 0.307684
4.08, 3.77643e-005, 0.307685
4.09, 4.73475e-006, 0.307685
4.1, 2.84638e-005, 0.307685
4.11, 1.53003e-005, 0.307685
4.12, 2.09679e-005, 0.307685
4.13, 1.73884e-005, 0.307686
4.14, 2.11808e-005, 0.307686
4.15, 1.07052e-005, 0.307686
4.16, 1.85268e-005, 0.307686
4.17, 6.19231e-006, 0.307686
4.18, 2.30636e-005, 0.307686
4.19, 2.25585e-005, 0.307687
4.2, 5.654e-006, 0.307687
4.21, 2.27601e-005, 0.307687
4.22, 4.71944e-006, 0.307687
4.23, 1.92395e-006, 0.307687
4.24, 5.17537e-005, 0.307688
4.25, -1.49969e-005, 0.307687
4.26, 1.20106e-005, 0.307687
4.27, 4.05843e-006, 0.307688
4.28, 3.52772e-005, 0.307688
4.29, -4.47742e-006, 0.307688
4.3, 3.36751e-005, 0.307688
4.31, -1.55079e-005, 0.307688
4.32, 2.4303e-005, 0.307688
4.33, 1.64027e-005, 0.307688
4.34, 2.22598e-006, 0.307688
4.35, 2.08207e-005, 0.307689
4.36, -2.04848e-006, 0.307689
4.37, 5.13218e-006, 0.307689
4.38, 1.54517e-005, 0.307689
4.39, -9.75822e-006, 0.307689
4.4, 1.90532e-005, 0.307689
4.41, 9.6237e-006, 0.307689
4.42, 2.23888e-005, 0.307689
4.43, -9.5487e-007, 0.307689
4.44, 6.1833e-006, 0.307689
4.45, 1.01797e-005, 0.307689
4.46, 1.10223e-006, 0.307689
4.47, -1.09236e-006, 0.307689
4.48, 3.20976e-005, 0.30769
4.49, -7.28089e-006, 0.30769
4.5, -1.15373e-006, 0.30769
4.51, 2.29623e-005, 0.30769
4.52, -9.75567e-007, 0.30769
4.53, -2.68115e-006, 0.30769
4.54, 2.24045e-005, 0.30769
4.55, -1.14132e-005, 0.30769
4.56, 1.19495e-005, 0.30769
4.57, 1.18062e-005, 0.30769
4.58, 7.72532e-006, 0.30769
4.59, -1.60822e-006, 0.30769
4.6, 1.11346e-005, 0.30769
4.61, 1.44882e-005, 0.307691
4.62, -1.60566e-005, 0.30769
4.63, 1.63871e-005, 0.307691
4.64, -7.72794e-007, 0.307691
4.65, -1.03364e-007, 0.307691
4.66, 1.17742e-005, 0.307691
4.67, 3.83155e-006, 0.307691
4.68, 9.35023e-006, 0.307691
4.69, -3.60966e-006, 0.307691
4.7, 1.30236e-005, 0.307691
4.71, -7.21703e-006, 0.307691
4.72, 1.61294e-005, 0.307691
4.73, -1.45906e-005, 0.307691
4.74, 2.13899e-005, 0.307691
4.75, -8.01962e-006, 0.307691
4.76, 1.02328e-005, 0.307691
4.77, 1.48416e-005, 0.307691
4.78, -1.29648e-005, 0.307691
4.79, 1.49542e-005, 0.307691
4.8, -8.664e-006, 0.307691
4.81, 2.66945e-006, 0.307691
4.82, 1.73187e-006, 0.307691
4.83, 2.25587e-005, 0.307691
4.84, -1.10849e-005, 0.307691
4.85, -1.95014e-007, 0.307691
4.86, -5.05175e-006, 0.307691
4.87, 1.97783e-005, 0.307691
4.88, 2.91268e-007, 0.307691
4.89, 8.84761e-006, 0.307692
4.9, -2.85961e-006, 0.307691
4.91, -9.73683e-006, 0.307691
4.92, 7.23763e-006, 0.307691
4.93, 1.63269e-005, 0.307692
4.94, -2.18715e-005, 0.307691
4.95, 4.77436e-006, 0.307691
4.96, 2.00294e-005, 0.307692
4.97, -6.60322e-006, 0.307692
4.98, 6.76622e-006, 0.307692
4.99, -1.079e-005, 0.307692
5, -8.73148e-006, 0.307691
5.01, 3.08368e-005, 0.307692
5.02, -1.28339e-005, 0.307692
5.03, 1.40851e-005, 0.307692
5.04, -3.44883e-006, 0.307692
5.05, -1.12774e-005, 0.307692
5.06, 8.68223e-006, 0.307692
5.07, 1.81789e-005, 0.307692
5.08, -2.30683e-005, 0.307692
5.09, 1.88064e-005, 0.307692
5.1, -8.31871e-006, 0.307692
5.11, 7.68011e-006, 0.307692
5.12, -6.08165e-006, 0.307692
5.13, -1.804e-006, 0.307692
5.14, 9.09201e-006, 0.307692
5.15, 3.42694e-007, 0.307692
5.16, -2.03116e-006, 0.307692
5.17, 1.84492e-005, 0.307692
5.18, -3.27337e-005, 0.307692
5.19, 2.18631e-005, 0.307692
5.2, -1.46292e-006, 0.307692
5.21, -9.13145e-006, 0.307692
5.22, 2.36552e-005, 0.307692
5.23, -4.56096e-006, 0.307692
5.24, -2.10942e-006, 0.307692
5.25, 2.89564e-006, 0.307692
5.26, 1.40077e-006, 0.307692
5.27, -1.3928e-005, 0.307692
5.28, 9.67311e-006, 0.307692
5.29, 1.1601e-005, 0.307692
5.3, -7.28043e-006, 0.307692
5.31, 1.03805e-005, 0.307692
5.32, -1.44368e-005, 0.307692
5.33, 1.02925e-005, 0.307692
5.34, -2.91515e-006, 0.307692
5.35, 9.5166e-007, 0.307692
5.36, -6.02463e-006, 0.307692
5.37, 1.20553e-005, 0.307692
5.38, -6.00807e-006, 0.307692
5.39, 6.1159e-006, 0.307692
5.4, 3.25442e-008, 0.307692
5.41, -1.29706e-005, 0.307692
5.42, 9.78302e-006, 0.307692
5.43, 7.26726e-006, 0.307692
5.44, -1.38769e-005, 0.307692
5.45, 1.86785e-005, 0.307692
5.46, -5.35841e-006, 0.307692
5.47, -2.10053e-005, 0.307692
5.48, 1.79327e-005, 0.307692
5.49, 7.7221e-006, 0.307692
5.5, -1.85225e-005, 0.307692
5.51, 4.44785e-006, 0.307692
5.52, 1.68056e-005, 0.307692
5.53, -2.30254e-005, 0.307692
5.54, 1.80713e-005, 0.307692
5.55, -2.40987e-006, 0.307692
5.56, -8.96631e-006, 0.307692
5.57, 4.57849e-006, 0.307692
5.58, -7.24971e-007, 0.307692
5.59, 2.03389e-005, 0.307692
5.6, -1.48764e-005, 0.307692
5.61, -1.36527e-005, 0.307692
5.62, 1.60998e-005, 0.307692
5.63, -8.20626e-006, 0.307692
5.64, 2.54883e-005, 0.307692
5.65, -2.65385e-005, 0.307692
5.66, 7.36889e-006, 0.307692
5.67, 3.92884e-006, 0.307692
5.68, -4.68082e-006, 0.307692
5.69, -1.58897e-006, 0.307692
5.7, 1.78269e-005, 0.307692
5.71, -2.02855e-005, 0.307692
5.72, 5.96881e-006, 0.307692
5.73, 6.57537e-006, 0.307692
5.74, -2.52951e-005, 0.307692
5.75, 4.27365e-005, 0.307692
5.76, -3.10664e-005, 0.307692
5.77, 1.08392e-005, 0.307692
5.78, 1.73736e-007, 0.307692
5.79, 5.78933e-007, 0.307692
5.8, 6.88808e-006, 0.307692
5.81, -2.39885e-006, 0.307692
5.82, -1.05781e-006, 0.307692
5.83, -1.27285e-005, 0.307692
5.84, 2.08983e-006, 0.307692
5.85, 7.3154e-006, 0.307692
5.86, 1.12493e-007, 0.307692
5.87, -6.14306e-006, 0.307692
5.88, 1.3326e-005, 0.307692
5.89, -1.33483e-005, 0.307692
5.9, 6.90753e-006, 0.307692
5.91, 5.28187e-006, 0.307692
5.92, -1.04305e-005, 0.307692
5.93, 6.16569e-006, 0.307692
5.94, 9.62737e-006, 0.307692
5.95, -2.50526e-005, 0.307692
5.96, 3.19587e-005, 0.307692
5.97, -1.50874e-005, 0.307692
5.98, -6.06566e-006, 0.307692
5.99, 6.46916e-006, 0.307692
6, -1.88939e-006, 0.307692
6.01, 2.29237e-006, 0.307692
6.02, 2.49025e-006, 0.307692
6.03, -1.07822e-005, 0.307692
6.04, 6.01741e-006, 0.307692
6.05, 1.73881e-005, 0.307692
6.06, -2.09871e-005, 0.307692
6.07, -1.55107e-006, 0.307692
6.08, 1.44829e-005, 0.307692
6.09, -5.33129e-006, 0.307692
6.1, -4.2246e-006, 0.307692
6.11, 2.44812e-006, 0.307692
6.12, -1.76246e-006, 0.307692
6.13, -1.04408e-005, 0.307692
6.14, 1.62531e-005, 0.307692
6.15, -1.1388e-006, 0.307692
6.16, -9.82765e-007, 0.307692
6.17, 3.81064e-006, 0.307692
6.18, -1.6519e-006, 0.307692
6.19, -4.96261e-007, 0.307692
6.2, -4.12193e-006, 0.307692
6.21, -1.77267e-005, 0.307692
6.22, 1.78424e-005, 0.307692
6.23, -6.82005e-006, 0.307692
6.24, 8.73502e-006, 0.307692
6.25, -4.12873e-007, 0.307692
6.26, -6.19827e-006, 0.307692
6.27, 1.33564e-005, 0.307692
6.28, -1.87927e-005, 0.307692
6.29, 1.90269e-005, 0.307692
6.3, -9.79887e-006, 0.307692
6.31, 1.175e-005, 0.307692
6.32, -1.87961e-005, 0.307692
6.33, 6.26023e-006, 0.307692
6.34, 7.28104e-006, 0.307692
6.35, -5.45445e-006, 0.307692
6.36, 7.88775e-006, 0.307692
6.37, -1.32233e-005, 0.307692
6.38, 1.51185e-005, 0.307692
6.39, -1.36831e-005, 0.307692
6.4, -1.24388e-006, 0.307692
6.41, 5.19879e-006, 0.307692
6.42, 6.43479e-006, 0.307692
6.43, -9.29323e-007, 0.307692
6.44, 7.50165e-006, 0.307692
6.45, -7.78761e-006, 0.307692
6.46, 1.31079e-006, 0.307692
6.47, 1.29595e-005, 0.307692
6.48, -2.38422e-005, 0.307692
6.49, 1.34748e-005, 0.307692
6.5, -1.05133e-005, 0.307692
6.51, 5.40874e-006, 0.307692
6.52, 3.48682e-007, 0.307692
6.53, 1.24481e-005, 0.307692
6.54, -1.09537e-005, 0.307692
6.55, -5.62025e-006, 0.307692
6.56, -1.29123e-006, 0.307692
6.57, 1.08211e-005, 0.307692
6.58, -1.68666e-006, 0.307692
6.59, -1.99116e-006, 0.307692
6.6, 6.27013e-006, 0.307692
6.61, -1.73963e-005, 0.307692
6.62, 1.02635e-005, 0.307692
6.63, -4.37342e-006, 0.307692
6.64, 4.94525e-007, 0.307692
6.65, 3.75439e-007, 0.307692
6.66, 5.87192e-006, 0.307692
6.67, 7.31945e-006, 0.307692
6.68, -1.50754e-005, 0.307692
6.69, 1.30034e-005, 0.307692
6.7, -1.65131e-005, 0.307692
6.71, 2.29081e-005, 0.307692
6.72, -3.91791e-005, 0.307692
6.73, 4.09322e-005, 0.307692
6.74, -1.74648e-005, 0.307692
6.75, -2.73219e-006, 0.307692
6.76, -3.11999e-006, 0.307692
6.77, 4.17581e-006, 0.307692
6.78, 3.96092e-006, 0.307692
6.79, -6.01492e-006, 0.307692
6.8, -6.32584e-006, 0.307692
6.81, 7.67002e-006, 0.307692
6.82, 1.75804e-005, 0.307692
6.83, -1.57696e-005, 0.307692
6.84, -3.98912e-006, 0.307692
6.85, 5.47112e-006, 0.307692
6.86, -1.15625e-005, 0.307692
6.87, 1.26574e-005, 0.307692
6.88, -1.00138e-005, 0.307692
6.89, 2.443e-005, 0.307692
6.9, -1.72732e-005, 0.307692
6.91, 4.31954e-006, 0.307692
6.92, -3.39119e-006, 0.307692
6.93, 6.56659e-006, 0.307692
6.94, -4.44383e-006, 0.307692
6.95, 5.16257e-006, 0.307692
6.96, -1.62473e-005, 0.307692
6.97, 1.90857e-005, 0.307692
6.98, -1.3541e-005, 0.307692
6.99, 1.39507e-005, 0.307692
7, -1.95105e-005, 0.307692
7.01, 2.16467e-005, 0.307692
7.02, -2.90169e-005, 0.307692
7.03, 2.87861e-005, 0.307692
7.04, -2.03773e-005, 0.307692
7.05, 4.8055e-006, 0.307692
7.06, 3.30149e-006, 0.307692
7.07, -2.20951e-006, 0.307692
7.08, -4.36825e-007, 0.307692
7.09, 1.1813e-005, 0.307692
7.1, -1.48957e-005, 0.307692
7.11, -5.99395e-006, 0.307692
7.12, 4.18512e-006, 0.307692
7.13, 1.20544e-005, 0.307692
7.14, -2.23743e-005, 0.307692
7.15, 2.35432e-005, 0.307692
7.16, -1.21848e-006, 0.307692
7.17, 7.0615e-006, 0.307692
7.18, -1.97858e-005, 0.307692
7.19, 1.27956e-005, 0.307692
7.2, -2.38564e-005, 0.307692
7.21, 1.8924e-005, 0.307692
7.22, -1.10577e-005, 0.307692
7.23, 2.19323e-005, 0.307692
7.24, -5.75605e-007, 0.307692
7.25, -9.60391e-006, 0.307692
7.26, -6.44693e-006, 0.307692
7.27, 1.34332e-005, 0.307692
7.28, -1.26198e-006, 0.307692
7.29, 6.46636e-006, 0.307692
7.3, -1.44748e-005, 0.307692
7.31, 1.35001e-005, 0.307692
7.32, -1.08595e-005, 0.307692
7.33, -6.61473e-007, 0.307692
7.34, 8.66739e-006, 0.307692
7.35, -2.33774e-005, 0.307692
7.36, 2.31174e-005, 0.307692
7.37, -9.36262e-006, 0.307692
7.38, 5.75837e-006, 0.307692
7.39, -5.31364e-006, 0.307692
7.4, 1.04877e-005, 0.307692
7.41, -1.33952e-005, 0.307692
7.42, 2.24107e-005, 0.307692
7.43, -1.23998e-005, 0.307692
7.44, 1.43628e-006, 0.307692
7.45, -1.56308e-005, 0.307692
7.46, 1.36148e-005, 0.307692
7.47, -1.33723e-005, 0.307692
7.48, 3.92777e-005, 0.307693
7.49, -5.75734e-005, 0.307692
7.5, 3.60088e-005, 0.307692
7.51, -3.45114e-005, 0.307692
7.52, 3.93228e-005, 0.307692
7.53, -2.40009e-005, 0.307692
7.54, 3.12646e-005, 0.307693
7.55, -5.24274e-005, 0.307692
7.56, 3.20608e-005, 0.307692
7.57, -8.97218e-006, 0.307692
7.58, 1.81695e-005, 0.307692
7.59, -1.43048e-005, 0.307692
7.6, 1.2714e-005, 0.307692
7.61, -1.70279e-005, 0.307692
7.62, 2.70975e-005, 0.307692
7.63, -2.32962e-005, 0.307692
7.64, 6.46124e-006, 0.307692
7.65, -2.77949e-005, 0.307692
7.66, 3.95454e-005, 0.307692
7.67, -3.41681e-005, 0.307692
7.68, 3.52641e-005, 0.307692
7.69, -2.93249e-005, 0.307692
7.7, 1.10551e-005, 0.307692
7.71, -8.91687e-006, 0.307692
7.72, 2.62333e-005, 0.307692
7.73, -2.27863e-005, 0.307692
7.74, 2.1068e-005, 0.307692
7.75, -2.65459e-005, 0.307692
7.76, 6.92432e-006, 0.307692
7.77, 6.34491e-006, 0.307692
7.78, 2.5437e-005, 0.307693
7.79, -5.40736e-005, 0.307692
7.8, 3.12523e-005, 0.307692
7.81, -9.57417e-007, 0.307692
7.82, -3.07005e-006, 0.307692
7.83, -1.38901e-005, 0.307692
7.84, 2.45308e-005, 0.307692
7.85, -2.64296e-006, 0.307692
7.86, -7.07722e-006, 0.307692
7.87, 1.53465e-005, 0.307692
7.88, -1.65909e-005, 0.307692
7.89, 1.10354e-005, 0.307692
7.9, -4.75457e-006, 0.307692
7.91, -1.66763e-005, 0.307692
7.92, 1.64733e-005, 0.307692
7.93, 2.76675e-006, 0.307692
7.94, -5.18808e-006, 0.307692
7.95, 1.64019e-006, 0.307692
7.96, 2.2244e-007, 0.307692
7.97, -3.00838e-006, 0.307692
7.98, -1.23028e-006, 0.307692
7.99, 7.74579e-006, 0.307692
8, -1.78565e-005, 0.307692
8.01, 1.67277e-005, 0.307692
8.02, -1.93276e-005, 0.307692
8.03, 1.23388e-005, 0.307692
8.04, 1.25628e-005, 0.307692
8.05, -7.7322e-006, 0.307692
8.06, -7.75506e-006, 0.307692
8.07, -3.95763e-006, 0.307692
8.08, 1.85627e-005, 0.307692
8.09, -2.06049e-005, 0.307692
8.1, 8.81953e-006, 0.307692
8.11, 1.66505e-005, 0.307692
8.12, -2.92837e-005, 0.307692
8.13, 2.51865e-005, 0.307692
8.14, -1.40805e-005, 0.307692
8.15, -7.26638e-006, 0.307692
8.16, 7.16768e-006, 0.307692
8.17, 1.30729e-005, 0.307692
8.18, -1.37914e-005, 0.307692
8.19, 2.42726e-005, 0.307693
8.2, -2.8439e-005, 0.307692
8.21, -4.40975e-006, 0.307692
8.22, 2.8981e-005, 0.307692
8.23, -7.65527e-006, 0.307692
8.24, -1.55589e-005, 0.307692
8.25, 2.0602e-005, 0.307692
8.26, -2.71734e-005, 0.307692
8.27, 3.35463e-005, 0.307693
8.28, -9.35567e-006, 0.307692
8.29, -1.88331e-005, 0.307692
8.3, 1.724e-005, 0.307692
8.31, -1.20653e-005, 0.307692
8.32, 9.88053e-006, 0.307692
8.33, -1.21234e-005, 0.307692
8.34, -1.39016e-006, 0.307692
8.35, 8.98332e-006, 0.307692
8.36, 9.52349e-006, 0.307692
8.37, -1.65375e-006, 0.307692
8.38, -1.13829e-005, 0.307692
8.39, -5.82359e-006, 0.307692
8.4, -1.10434e-006, 0.307692
8.41, 3.32273e-005, 0.307693
8.42, -4.55796e-005, 0.307692
8.43, 6.29686e-005, 0.307693
8.44, -7.26332e-005, 0.307692
8.45, 2.94902e-005, 0.307692
8.46, 2.84794e-006, 0.307692
8.47, -4.70529e-006, 0.307692
8.48, 4.41368e-007, 0.307692
8.49, 1.25923e-005, 0.307692
8.5, -1.08455e-005, 0.307692
8.51, -5.72469e-007, 0.307692
8.52, 1.78419e-005, 0.307692
8.53, -2.50533e-005, 0.307692
8.54, -7.04021e-006, 0.307692
8.55, 4.31249e-005, 0.307693
8.56, -4.16984e-005, 0.307692
8.57, 2.16596e-005, 0.307692
8.58, -1.77078e-005, 0.307692
8.59, 1.81187e-005, 0.307692
8.6, -1.76578e-005, 0.307692
8.61, 1.92455e-005, 0.307692
8.62, -2.79269e-005, 0.307692
8.63, 2.42174e-005, 0.307692
8.64, 2.35593e-006, 0.307692
8.65, -1.1592e-005, 0.307692
8.66, -2.4675e-006, 0.307692
8.67, 1.50632e-005, 0.307692
8.68, -2.69666e-005, 0.307692
8.69, 3.40485e-005, 0.307692
8.7, -1.97072e-005, 0.307692
8.71, -1.22838e-005, 0.307692
8.72, 1.1826e-005, 0.307692
8.73, 6.65823e-006, 0.307692
8.74, 4.49774e-006, 0.307692
8.75, -1.01318e-005, 0.307692
8.76, 1.38465e-005, 0.307692
8.77, -2.90627e-005, 0.307692
8.78, 2.57499e-005, 0.307692
8.79, -8.95427e-006, 0.307692
8.8, -2.39318e-005, 0.307692
8.81, 3.2769e-005, 0.307692
8.82, -1.86788e-005, 0.307692
8.83, 2.32075e-005, 0.307692
8.84, -2.47478e-005, 0.307692
8.85, 2.39255e-005, 0.307692
8.86, -3.47057e-005, 0.307692
8.87, 3.41322e-005, 0.307692
8.88, 1.86336e-006, 0.307692
8.89, -3.24144e-005, 0.307692
8.9, 3.77741e-005, 0.307692
8.91, -3.25218e-005, 0.307692
8.92, 1.99341e-005, 0.307692
8.93, -1.10187e-006, 0.307692
8.94, -1.07788e-005, 0.307692
8.95, -1.7692e-005, 0.307692
8.96, 4.29383e-005, 0.307692
8.97, -1.14504e-005, 0.307692
8.98, -1.8477e-005, 0.307692
8.99, 3.6759e-005, 0.307693
9, -3.98615e-005, 0.307692
9.01, 1.4204e-005, 0.307692
9.02, 1.6754e-005, 0.307692
9.03, -3.67746e-005, 0.307692
9.04, 1.83161e-005, 0.307692
9.05, -1.13124e-005, 0.307692
9.06, 6.39136e-006, 0.307692
9.07, 1.23204e-005, 0.307692
9.08, -8.71031e-006, 0.307692
9.09, 5.48887e-006, 0.307692
9.1, -1.90636e-005, 0.307692
9.11, 2.76538e-005, 0.307692
9.12, -1.89043e-005, 0.307692
9.13, 6.42677e-006, 0.307692
9.14, 1.71521e-006, 0.307692
9.15, 9.92262e-006, 0.307692
9.16, -3.04184e-005, 0.307692
9.17, 3.16833e-005, 0.307692
9.18, 2.63905e-006, 0.307692
9.19, -3.09485e-005, 0.307692
9.2, 2.89104e-005, 0.307692
9.21, -2.79386e-005, 0.307692
9.22, 1.4115e-005, 0.307692
9.23, 1.91819e-005, 0.307692
9.24, -2.86448e-005, 0.307692
9.25, 2.10209e-005, 0.307692
9.26, -3.73086e-006, 0.307692
9.27, -2.24393e-005, 0.307692
9.28, 1.50441e-005, 0.307692
9.29, 5.59929e-006, 0.307692
9.3, 2.11443e-006, 0.307692
9.31, -1.85021e-005, 0.307692
9.32, 1.68261e-005, 0.307692
9.33, -2.31182e-006, 0.307692
9.34, -6.99286e-006, 0.307692
9.35, -3.08708e-006, 0.307692
9.36, -6.66705e-006, 0.307692
9.37, 8.84642e-006, 0.307692
9.38, 7.13335e-006, 0.307692
9.39, -8.93374e-006, 0.307692
9.4, -6.73008e-006, 0.307692
9.41, 6.35516e-006, 0.307692
9.42, 1.91705e-005, 0.307692
9.43, -1.90791e-005, 0.307692
9.44, 4.17854e-005, 0.307693
9.45, -6.61501e-005, 0.307692
9.46, 5.13607e-005, 0.307693
9.47, -2.72563e-005, 0.307692
9.48, 1.65535e-005, 0.307692
9.49, -1.84806e-005, 0.307692
9.5, 1.58366e-005, 0.307692
9.51, -1.26324e-005, 0.307692
9.52, 1.33038e-005, 0.307692
9.53, -2.94882e-006, 0.307692
9.54, 2.53543e-006, 0.307692
9.55, -7.18286e-006, 0.307692
9.56, 4.52372e-006, 0.307692
9.57, -1.11371e-005, 0.307692
9.58, 1.54207e-005, 0.307692
9.59, -8.32232e-006, 0.307692
9.6, 1.13096e-006, 0.307692
9.61, -2.21022e-005, 0.307692
9.62, 5.77763e-005, 0.307693
9.63, -6.30928e-005, 0.307692
9.64, 2.26619e-005, 0.307692
9.65, 2.10097e-005, 0.307692
9.66, -2.69044e-005, 0.307692
9.67, 2.24321e-005, 0.307692
9.68, -4.0714e-006, 0.307692
9.69, -2.66756e-005, 0.307692
9.7, 4.01519e-005, 0.307693
9.71, -3.30602e-005, 0.307692
9.72, 9.65439e-006, 0.307692
9.73, 2.01906e-006, 0.307692
9.74, -5.23066e-006, 0.307692
9.75, -2.71153e-006, 0.307692
9.76, 1.51889e-005, 0.307692
9.77, -1.55566e-005, 0.307692
9.78, -2.07089e-006, 0.307692
9.79, 2.24744e-005, 0.307692
9.8, -2.7867e-005, 0.307692
9.81, 3.6021e-005, 0.307693
9.82, -5.36321e-005, 0.307692
9.83, 4.71341e-005, 0.307692
9.84, -2.21152e-005, 0.307692
9.85, 1.83801e-005, 0.307692
9.86, -2.57342e-005, 0.307692
9.87, 4.01753e-006, 0.307692
9.88, 1.83693e-005, 0.307692
9.89, 8.70505e-006, 0.307692
9.9, -2.69499e-005, 0.307692
9.91, 1.87777e-005, 0.307692
9.92, -9.7663e-006, 0.307692
9.93, 3.39378e-006, 0.307692
9.94, -2.57899e-006, 0.307692
9.95, 1.44132e-005, 0.307692
9.96, -3.43693e-005, 0.307692
9.97, 4.47327e-005, 0.307693
9.98, -5.19207e-005, 0.307692
9.99, 3.88045e-005, 0.307692
10, -1.9829e-006, 0.307692
