0, 0, 0
0.01, 0.985267, 0.00985267
0.02, 0.956813, 0.0194208
0.03, 0.929881, 0.0287196
0.04, 0.90436, 0.0377632
0.05, 0.880209, 0.0465653
0.06, 0.857354, 0.0551388
0.07, 0.835786, 0.0634967
0.08, 0.815365, 0.0716504
0.09, 0.796084, 0.0796112
0.1, 0.777903, 0.0873902
0.11, 0.760783, 0.0949981
0.12, 0.744618, 0.102444
0.13, 0.729435, 0.109739
0.14, 0.715162, 0.11689
0.15, 0.701727, 0.123907
0.16, 0.689126, 0.130799
0.17, 0.677322, 0.137572
0.18, 0.666275, 0.144235
0.19, 0.655949, 0.150794
0.2, 0.646305, 0.157257
0.21, 0.637342, 0.163631
0.22, 0.628955, 0.16992
0.23, 0.621207, 0.176132
0.24, 0.614029, 0.182273
0.25, 0.607384, 0.188346
0.26, 0.601269, 0.194359
0.27, 0.595649, 0.200316
0.28, 0.590486, 0.20622
0.29, 0.585814, 0.212079
0.3, 0.581528, 0.217894
0.31, 0.577661, 0.22367
0.32, 0.574243, 0.229413
0.33, 0.571139, 0.235124
0.34, 0.568381, 0.240808
0.35, 0.566034, 0.246468
0.36, 0.563928, 0.252108
0.37, 0.562197, 0.25773
0.38, 0.560737, 0.263337
0.39, 0.559516, 0.268932
0.4, 0.558631, 0.274519
0.41, 0.557914, 0.280098
0.42, 0.557531, 0.285673
0.43, 0.557314, 0.291246
0.44, 0.557329, 0.296819
0.45, 0.557574, 0.302395
0.46, 0.557982, 0.307975
0.47, 0.558586, 0.313561
0.48, 0.55935, 0.319154
0.49, 0.560341, 0.324758
0.5, 0.561425, 0.330372
0.51, 0.562701, 0.335999
0.52, 0.564067, 0.34164
0.53, 0.565658, 0.347296
0.54, 0.567271, 0.352969
0.55, 0.569106, 0.35866
0.56, 0.570963, 0.36437
0.57, 0.572975, 0.370099
0.58, 0.575107, 0.37585
0.59, 0.577291, 0.381623
0.6, 0.579562, 0.387419
0.61, 0.581951, 0.393239
0.62, 0.584392, 0.399082
0.63, 0.58695, 0.404952
0.64, 0.589525, 0.410847
0.65, 0.59215, 0.416769
0.66, 0.594924, 0.422718
0.67, 0.597647, 0.428694
0.68, 0.600485, 0.434699
0.69, 0.603371, 0.440733
0.7, 0.60627, 0.446796
0.71, 0.609216, 0.452888
0.72, 0.612242, 0.45901
0.73, 0.615213, 0.465162
0.74, 0.618297, 0.471345
0.75, 0.621358, 0.477559
0.76, 0.624497, 0.483804
0.77, 0.627579, 0.49008
0.78, 0.630739, 0.496387
0.79, 0.633874, 0.502726
0.8, 0.637085, 0.509097
0.81, 0.640237, 0.515499
0.82, 0.64343, 0.521933
0.83, 0.646631, 0.5284
0.84, 0.649839, 0.534898
0.85, 0.653019, 0.541428
0.86, 0.656205, 0.54799
0.87, 0.65943, 0.554585
0.88, 0.662626, 0.561211
0.89, 0.665826, 0.567869
0.9, 0.668996, 0.574559
0.91, 0.672135, 0.58128
0.92, 0.675344, 0.588034
0.93, 0.678487, 0.594819
0.94, 0.681598, 0.601635
0.95, 0.684743, 0.608482
0.96, 0.687821, 0.61536
0.97, 0.690932, 0.62227
0.98, 0.693975, 0.629209
0.99, 0.69705, 0.63618
1, 0.700055, 0.64318
1.01, 0.70309, 0.650211
1.02, 0.706055, 0.657272
1.03, 0.708982, 0.664362
1.04, 0.711937, 0.671481
1.05, 0.714852, 0.67863
1.06, 0.717695, 0.685807
1.07, 0.720564, 0.693012
1.08, 0.723392, 0.700246
1.09, 0.726144, 0.707508
1.1, 0.728921, 0.714797
1.11, 0.731655, 0.722113
1.12, 0.734345, 0.729457
1.13, 0.73699, 0.736827
1.14, 0.73959, 0.744223
1.15, 0.742211, 0.751645
1.16, 0.744751, 0.759092
1.17, 0.747245, 0.766565
1.18, 0.749757, 0.774062
1.19, 0.752188, 0.781584
1.2, 0.754569, 0.78913
1.21, 0.756966, 0.796699
1.22, 0.75928, 0.804292
1.23, 0.761542, 0.811908
1.24, 0.763819, 0.819546
1.25, 0.766009, 0.827206
1.26, 0.768146, 0.834887
1.27, 0.770296, 0.84259
1.28, 0.772357, 0.850314
1.29, 0.774396, 0.858058
1.3, 0.776379, 0.865822
1.31, 0.778339, 0.873605
1.32, 0.780207, 0.881407
1.33, 0.782118, 0.889228
1.34, 0.78387, 0.897067
1.35, 0.785696, 0.904924
1.36, 0.787362, 0.912798
1.37, 0.789067, 0.920688
1.38, 0.790711, 0.928595
1.39, 0.792259, 0.936518
1.4, 0.793812, 0.944456
1.41, 0.795269, 0.952409
1.42, 0.796728, 0.960376
1.43, 0.798124, 0.968357
1.44, 0.799487, 0.976352
1.45, 0.800752, 0.98436
1.46, 0.801985, 0.99238
1.47, 0.803185, 1.00041
1.48, 0.804351, 1.00845
1.49, 0.805416, 1.01651
1.5, 0.80648, 1.02457
1.51, 0.807476, 1.03265
1.52, 0.808403, 1.04073
1.53, 0.809327, 1.04883
1.54, 0.810148, 1.05693
1.55, 0.810933, 1.06504
1.56, 0.81168, 1.07315
1.57, 0.812357, 1.08128
1.58, 0.812995, 1.08941
1.59, 0.813596, 1.09754
1.6, 0.814124, 1.10568
1.61, 0.81458, 1.11383
1.62, 0.81503, 1.12198
1.63, 0.815407, 1.13013
1.64, 0.815711, 1.13829
1.65, 0.816008, 1.14645
1.66, 0.816198, 1.15461
1.67, 0.816347, 1.16278
1.68, 0.816489, 1.17094
1.69, 0.816524, 1.17911
1.7, 0.816517, 1.18727
1.71, 0.816469, 1.19544
1.72, 0.816379, 1.2036
1.73, 0.816215, 1.21176
1.74, 0.815975, 1.21992
1.75, 0.815728, 1.22808
1.76, 0.815405, 1.23623
1.77, 0.815007, 1.24438
1.78, 0.8146, 1.25253
1.79, 0.814085, 1.26067
1.8, 0.813562, 1.26881
1.81, 0.812963, 1.27694
1.82, 0.81229, 1.28506
1.83, 0.811608, 1.29318
1.84, 0.810851, 1.30128
1.85, 0.810019, 1.30938
1.86, 0.809146, 1.31748
1.87, 0.808232, 1.32556
1.88, 0.807244, 1.33363
1.89, 0.806214, 1.34169
1.9, 0.805111, 1.34974
1.91, 0.803968, 1.35778
1.92, 0.802784, 1.36581
1.93, 0.801494, 1.37383
1.94, 0.800198, 1.38183
1.95, 0.798829, 1.38982
1.96, 0.797421, 1.39779
1.97, 0.795941, 1.40575
1.98, 0.79439, 1.41369
1.99, 0.792801, 1.42162
2, 0.791141, 1.42953
2.01, 0.789477, 1.43743
2.02, 0.78771, 1.4453
2.03, 0.785874, 1.45316
2.04, 0.784036, 1.461
2.05, 0.782128, 1.46883
2.06, 0.780119, 1.47663
2.07, 0.77811, 1.48441
2.08, 0.776, 1.49217
2.09, 0.77389, 1.49991
2.1, 0.771681, 1.50762
2.11, 0.76944, 1.51532
2.12, 0.767134, 1.52299
2.13, 0.764764, 1.53064
2.14, 0.762364, 1.53826
2.15, 0.759867, 1.54586
2.16, 0.757375, 1.55343
2.17, 0.754788, 1.56098
2.18, 0.75214, 1.5685
2.19, 0.749465, 1.576
2.2, 0.74673, 1.58346
2.21, 0.743937, 1.5909
2.22, 0.741085, 1.59831
2.23, 0.738209, 1.6057
2.24, 0.735209, 1.61305
2.25, 0.732221, 1.62037
2.26, 0.729176, 1.62766
2.27, 0.726044, 1.63492
2.28, 0.722858, 1.64215
2.29, 0.719653, 1.64935
2.3, 0.716395, 1.65651
2.31, 0.713052, 1.66364
2.32, 0.709659, 1.67074
2.33, 0.706216, 1.6778
2.34, 0.702757, 1.68483
2.35, 0.699216, 1.69182
2.36, 0.695628, 1.69878
2.37, 0.69196, 1.7057
2.38, 0.688313, 1.71258
2.39, 0.68452, 1.71943
2.4, 0.68075, 1.72623
2.41, 0.676903, 1.733
2.42, 0.67298, 1.73973
2.43, 0.669049, 1.74642
2.44, 0.665077, 1.75307
2.45, 0.660997, 1.75968
2.46, 0.656879, 1.76625
2.47, 0.652755, 1.77278
2.48, 0.64856, 1.77926
2.49, 0.644294, 1.78571
2.5, 0.639993, 1.79211
2.51, 0.635622, 1.79846
2.52, 0.631251, 1.80478
2.53, 0.626812, 1.81104
2.54, 0.622307, 1.81727
2.55, 0.617736, 1.82344
2.56, 0.613167, 1.82958
2.57, 0.608534, 1.83566
2.58, 0.603838, 1.8417
2.59, 0.599112, 1.84769
2.6, 0.594324, 1.85363
2.61, 0.589475, 1.85953
2.62, 0.584633, 1.86538
2.63, 0.579697, 1.87117
2.64, 0.574702, 1.87692
2.65, 0.569716, 1.88262
2.66, 0.564638, 1.88826
2.67, 0.55957, 1.89386
2.68, 0.554379, 1.8994
2.69, 0.549198, 1.90489
2.7, 0.543963, 1.91033
2.71, 0.538673, 1.91572
2.72, 0.533328, 1.92105
2.73, 0.527964, 1.92633
2.74, 0.52258, 1.93156
2.75, 0.517077, 1.93673
2.76, 0.511589, 1.94185
2.77, 0.50605, 1.94691
2.78, 0.500492, 1.95191
2.79, 0.494818, 1.95686
2.8, 0.489161, 1.96175
2.81, 0.483487, 1.96659
2.82, 0.477697, 1.97136
2.83, 0.471926, 1.97608
2.84, 0.466073, 1.98074
2.85, 0.460205, 1.98535
2.86, 0.454289, 1.98989
2.87, 0.448359, 1.99437
2.88, 0.442349, 1.9988
2.89, 0.436326, 2.00316
2.9, 0.430289, 2.00746
2.91, 0.424139, 2.0117
2.92, 0.41801, 2.01588
2.93, 0.411834, 2.02
2.94, 0.405647, 2.02406
2.95, 0.399346, 2.02805
2.96, 0.393068, 2.03198
2.97, 0.386777, 2.03585
2.98, 0.380373, 2.03965
2.99, 0.374025, 2.04339
3, 0.367564, 2.04707
3.01, 0.361092, 2.05068
3.02, 0.354608, 2.05423
3.03, 0.348078, 2.05771
3.04, 0.341536, 2.06112
3.05, 0.334915, 2.06447
3.06, 0.328282, 2.06775
3.07, 0.321636, 2.07097
3.08, 0.314944, 2.07412
3.09, 0.308206, 2.0772
3.1, 0.301455, 2.08022
3.11, 0.294658, 2.08316
3.12, 0.28788, 2.08604
3.13, 0.281022, 2.08885
3.14, 0.274116, 2.09159
3.15, 0.267262, 2.09427
3.16, 0.260293, 2.09687
3.17, 0.253376, 2.0994
3.18, 0.246377, 2.10187
3.19, 0.239361, 2.10426
3.2, 0.232296, 2.10658
3.21, 0.22528, 2.10884
3.22, 0.218146, 2.11102
3.23, 0.211062, 2.11313
3.24, 0.203925, 2.11517
3.25, 0.196736, 2.11713
3.26, 0.18956, 2.11903
3.27, 0.182331, 2.12085
3.28, 0.175114, 2.1226
3.29, 0.167875, 2.12428
3.3, 0.160581, 2.12589
3.31, 0.153264, 2.12742
3.32, 0.145956, 2.12888
3.33, 0.138624, 2.13027
3.34, 0.131232, 2.13158
3.35, 0.123882, 2.13282
3.36, 0.116472, 2.13398
3.37, 0.109033, 2.13507
3.38, 0.1016, 2.13609
3.39, 0.0941702, 2.13703
3.4, 0.0866437, 2.1379
3.41, 0.0791861, 2.13869
3.42, 0.0716965, 2.13941
3.43, 0.0641403, 2.14005
3.44, 0.0566168, 2.14061
3.45, 0.0490585, 2.14111
3.46, 0.0414639, 2.14152
3.47, 0.0339328, 2.14186
3.48, 0.0262969, 2.14212
3.49, 0.0186889, 2.14231
3.5, 0.011074, 2.14242
3.51, 0.00345139, 2.14245
3.52, -0.00421337, 2.14241
3.53, -0.0118547, 2.14229
3.54, -0.0195405, 2.1421
3.55, -0.0272047, 2.14183
3.56, -0.0349157, 2.14148
3.57, -0.0426076, 2.14105
3.58, -0.0502815, 2.14055
3.59, -0.058039, 2.13997
3.6, -0.0657142, 2.13931
3.61, -0.0734751, 2.13858
3.62, -0.0811895, 2.13776
3.63, -0.0889586, 2.13687
3.64, -0.0966832, 2.13591
3.65, -0.104432, 2.13486
3.66, -0.112206, 2.13374
3.67, -0.119972, 2.13254
3.68, -0.127733, 2.13126
3.69, -0.135488, 2.12991
3.7, -0.143241, 2.12848
3.71, -0.151057, 2.12697
3.72, -0.158806, 2.12538
3.73, -0.166589, 2.12371
3.74, -0.174339, 2.12197
3.75, -0.182126, 2.12015
3.76, -0.189917, 2.11825
3.77, -0.197679, 2.11627
3.78, -0.205448, 2.11422
3.79, -0.213224, 2.11208
3.8, -0.220976, 2.10988
3.81, -0.228772, 2.10759
3.82, -0.236479, 2.10522
3.83, -0.244298, 2.10278
3.84, -0.251998, 2.10026
3.85, -0.259747, 2.09766
3.86, -0.267512, 2.09499
3.87, -0.275227, 2.09223
3.88, -0.282961, 2.08941
3.89, -0.290682, 2.0865
3.9, -0.298391, 2.08351
3.91, -0.306122, 2.08045
3.92, -0.313776, 2.07732
3.93, -0.321455, 2.0741
3.94, -0.329161, 2.07081
3.95, -0.336792, 2.06744
3.96, -0.344486, 2.064
3.97, -0.352075, 2.06048
3.98, -0.359762, 2.05688
3.99, -0.367347, 2.0532
4, -0.374931, 2.04946
4.01, -0.382549, 2.04563
4.02, -0.390101, 2.04173
4.03, -0.39769, 2.03775
4.04, -0.405215, 2.0337
4.05, -0.412746, 2.02957
4.06, -0.420248, 2.02537
4.07, -0.427757, 2.02109
4.08, -0.435241, 2.01674
4.09, -0.442667, 2.01231
4.1, -0.450135, 2.00781
4.11, -0.457548, 2.00324
4.12, -0.464972, 1.99859
4.13, -0.472342, 1.99386
4.14, -0.479692, 1.98907
4.15, -0.487057, 1.9842
4.16, -0.494336, 1.97925
4.17, -0.501665, 1.97424
4.18, -0.508944, 1.96915
4.19, -0.516174, 1.96398
4.2, -0.523423, 1.95875
4.21, -0.530624, 1.95344
4.22, -0.537778, 1.94807
4.23, -0.544953, 1.94262
4.24, -0.552083, 1.9371
4.25, -0.559168, 1.9315
4.26, -0.566243, 1.92584
4.27, -0.573308, 1.92011
4.28, -0.580297, 1.91431
4.29, -0.587312, 1.90843
4.3, -0.594284, 1.90249
4.31, -0.601183, 1.89648
4.32, -0.608108, 1.8904
4.33, -0.614994, 1.88425
4.34, -0.621807, 1.87803
4.35, -0.628615, 1.87174
4.36, -0.635418, 1.86539
4.37, -0.64215, 1.85897
4.38, -0.648844, 1.85248
4.39, -0.655536, 1.84592
4.4, -0.662191, 1.8393
4.41, -0.668809, 1.83261
4.42, -0.675359, 1.82586
4.43, -0.681907, 1.81904
4.44, -0.68842, 1.81216
4.45, -0.694898, 1.80521
4.46, -0.701307, 1.79819
4.47, -0.707683, 1.79112
4.48, -0.714092, 1.78398
4.49, -0.720366, 1.77677
4.5, -0.726674, 1.76951
4.51, -0.732881, 1.76218
4.52, -0.739122, 1.75479
4.53, -0.745229, 1.74733
4.54, -0.751404, 1.73982
4.55, -0.757445, 1.73225
4.56, -0.763486, 1.72461
4.57, -0.769495, 1.71692
4.58, -0.775437, 1.70916
4.59, -0.781347, 1.70135
4.6, -0.78719, 1.69348
4.61, -0.793033, 1.68555
4.62, -0.79881, 1.67756
4.63, -0.804521, 1.66951
4.64, -0.810232, 1.66141
4.65, -0.815876, 1.65325
4.66, -0.821454, 1.64504
4.67, -0.826997, 1.63677
4.68, -0.832508, 1.62844
4.69, -0.837951, 1.62006
4.7, -0.843359, 1.61163
4.71, -0.848734, 1.60314
4.72, -0.854007, 1.5946
4.73, -0.859312, 1.58601
4.74, -0.864483, 1.57736
4.75, -0.869651, 1.56867
4.76, -0.87475, 1.55992
4.77, -0.879814, 1.55112
4.78, -0.884841, 1.54227
4.79, -0.889766, 1.53337
4.8, -0.894687, 1.52443
4.81, -0.899537, 1.51543
4.82, -0.904317, 1.50639
4.83, -0.909058, 1.4973
4.84, -0.913762, 1.48816
4.85, -0.918393, 1.47898
4.86, -0.922953, 1.46975
4.87, -0.927505, 1.46047
4.88, -0.931952, 1.45115
4.89, -0.936392, 1.44179
4.9, -0.940724, 1.43238
4.91, -0.945048, 1.42293
4.92, -0.949297, 1.41344
4.93, -0.953438, 1.4039
4.94, -0.957603, 1.39433
4.95, -0.961692, 1.38471
4.96, -0.96567, 1.37505
4.97, -0.969638, 1.36536
4.98, -0.973528, 1.35562
4.99, -0.977373, 1.34585
5, -0.981172, 1.33604
5.01, -0.984859, 1.32619
5.02, -0.988533, 1.3163
5.03, -0.992093, 1.30638
5.04, -0.995673, 1.29643
5.05, -0.999105, 1.28643
5.06, -1.00255, 1.27641
5.07, -1.00586, 1.26635
5.08, -1.00917, 1.25626
5.09, -1.01241, 1.24613
5.1, -1.01556, 1.23598
5.11, -1.01863, 1.22579
5.12, -1.02171, 1.21558
5.13, -1.02464, 1.20533
5.14, -1.02758, 1.19505
5.15, -1.03041, 1.18475
5.16, -1.03318, 1.17442
5.17, -1.0359, 1.16406
5.18, -1.03853, 1.15367
5.19, -1.04113, 1.14326
5.2, -1.04365, 1.13283
5.21, -1.04608, 1.12236
5.22, -1.04846, 1.11188
5.23, -1.05077, 1.10137
5.24, -1.05303, 1.09084
5.25, -1.05523, 1.08029
5.26, -1.05731, 1.06972
5.27, -1.0594, 1.05912
5.28, -1.06136, 1.04851
5.29, -1.06326, 1.03788
5.3, -1.0651, 1.02723
5.31, -1.06688, 1.01656
5.32, -1.0686, 1.00587
5.33, -1.07022, 0.995169
5.34, -1.07179, 0.984451
5.35, -1.07329, 0.973718
5.36, -1.07473, 0.962971
5.37, -1.07607, 0.95221
5.38, -1.07735, 0.941437
5.39, -1.07857, 0.930651
5.4, -1.07973, 0.919854
5.41, -1.08079, 0.909046
5.42, -1.08181, 0.898228
5.43, -1.08274, 0.8874
5.44, -1.08361, 0.876564
5.45, -1.08438, 0.86572
5.46, -1.08511, 0.854869
5.47, -1.08578, 0.844011
5.48, -1.08632, 0.833148
5.49, -1.08686, 0.822279
5.5, -1.08727, 0.811407
5.51, -1.08764, 0.80053
5.52, -1.08795, 0.789651
5.53, -1.08813, 0.778769
5.54, -1.08831, 0.767886
5.55, -1.08835, 0.757003
5.56, -1.08839, 0.746119
5.57, -1.08827, 0.735236
5.58, -1.08814, 0.724355
5.59, -1.08792, 0.713476
5.6, -1.08766, 0.702599
5.61, -1.08724, 0.691727
5.62, -1.08684, 0.680858
5.63, -1.08629, 0.669995
5.64, -1.08573, 0.659138
5.65, -1.08507, 0.648287
5.66, -1.08434, 0.637444
5.67, -1.08351, 0.626609
5.68, -1.08262, 0.615783
5.69, -1.08169, 0.604966
5.7, -1.08063, 0.594159
5.71, -1.07957, 0.583364
5.72, -1.07834, 0.57258
5.73, -1.07712, 0.561809
5.74, -1.07579, 0.551051
5.75, -1.0744, 0.540307
5.76, -1.07294, 0.529578
5.77, -1.07135, 0.518864
5.78, -1.06976, 0.508167
5.79, -1.06807, 0.497486
5.8, -1.06628, 0.486823
5.81, -1.06443, 0.476179
5.82, -1.06251, 0.465554
5.83, -1.06056, 0.454948
5.84, -1.05845, 0.444364
5.85, -1.05634, 0.4338
5.86, -1.0541, 0.423259
5.87, -1.05183, 0.412741
5.88, -1.04946, 0.402246
5.89, -1.04703, 0.391776
5.9, -1.04453, 0.381331
5.91, -1.04194, 0.370911
5.92, -1.03926, 0.360519
5.93, -1.03654, 0.350154
5.94, -1.03377, 0.339816
5.95, -1.03086, 0.329507
5.96, -1.02793, 0.319228
5.97, -1.02487, 0.308979
5.98, -1.02182, 0.298761
5.99, -1.01861, 0.288575
6, -1.0154, 0.278421
6.01, -1.01207, 0.2683
6.02, -1.00865, 0.258214
6.03, -1.00524, 0.248161
6.04, -1.0017, 0.238144
6.05, -0.998065, 0.228164
6.06, -0.994411, 0.21822
6.07, -0.990633, 0.208313
6.08, -0.986832, 0.198445
6.09, -0.982941, 0.188616
6.1, -0.978961, 0.178826
6.11, -0.974959, 0.169076
6.12, -0.970801, 0.159368
6.13, -0.966656, 0.149702
6.14, -0.96239, 0.140078
6.15, -0.958069, 0.130497
6.16, -0.953695, 0.12096
6.17, -0.949201, 0.111468
6.18, -0.944688, 0.102021
6.19, -0.940089, 0.0926205
6.2, -0.935404, 0.0832664
6.21, -0.930667, 0.0739598
6.22, -0.925879, 0.064701
6.23, -0.920973, 0.0554912
6.24, -0.916016, 0.0463311
6.25, -0.911009, 0.037221
6.26, -0.905918, 0.0281618
6.27, -0.900777, 0.0191541
6.28, -0.89552, 0.0101989
6.29, -0.89028, 0.00129606
6.3, -0.884891, -0.00755285
6.31, -0.879454, -0.0163474
6.32, -0.873967, -0.0250871
6.33, -0.868433, -0.0337714
6.34, -0.862784, -0.0423992
6.35, -0.857087, -0.0509701
6.36, -0.851343, -0.0594835
6.37, -0.845485, -0.0679384
6.38, -0.839646, -0.0763348
6.39, -0.83366, -0.0846715
6.4, -0.827661, -0.0929481
6.41, -0.821548, -0.101164
6.42, -0.815423, -0.109318
6.43, -0.809217, -0.11741
6.44, -0.802932, -0.125439
6.45, -0.7966, -0.133405
6.46, -0.790189, -0.141307
6.47, -0.783732, -0.149144
6.48, -0.777196, -0.156916
6.49, -0.770614, -0.164623
6.5, -0.763986, -0.172262
6.51, -0.757278, -0.179835
6.52, -0.750458, -0.18734
6.53, -0.743692, -0.194777
6.54, -0.736746, -0.202144
6.55, -0.729821, -0.209442
6.56, -0.722816, -0.216671
6.57, -0.715731, -0.223828
6.58, -0.708633, -0.230914
6.59, -0.701422, -0.237928
6.6, -0.694164, -0.24487
6.61, -0.686892, -0.251739
6.62, -0.679539, -0.258534
6.63, -0.672106, -0.265255
6.64, -0.664625, -0.271902
6.65, -0.657128, -0.278473
6.66, -0.649551, -0.284968
6.67, -0.641891, -0.291387
6.68, -0.634215, -0.297729
6.69, -0.626457, -0.303994
6.7, -0.618682, -0.310181
6.71, -0.610823, -0.316289
6.72, -0.602914, -0.322318
6.73, -0.594954, -0.328268
6.74, -0.586942, -0.334137
6.75, -0.578912, -0.339926
6.76, -0.570795, -0.345634
6.77, -0.562625, -0.351261
6.78, -0.554401, -0.356805
6.79, -0.546156, -0.362266
6.8, -0.537857, -0.367645
6.81, -0.529502, -0.37294
6.82, -0.52109, -0.378151
6.83, -0.512655, -0.383277
6.84, -0.504128, -0.388318
6.85, -0.495611, -0.393275
6.86, -0.487, -0.398145
6.87, -0.478363, -0.402928
6.88, -0.469665, -0.407625
6.89, -0.460973, -0.412235
6.9, -0.452184, -0.416756
6.91, -0.4434, -0.42119
6.92, -0.434517, -0.425536
6.93, -0.425636, -0.429792
6.94, -0.416656, -0.433958
6.95, -0.407709, -0.438036
6.96, -0.398694, -0.442023
6.97, -0.38961, -0.445919
6.98, -0.380523, -0.449724
6.99, -0.371365, -0.453437
7, -0.362202, -0.45706
7.01, -0.352999, -0.46059
7.02, -0.343722, -0.464027
7.03, -0.334436, -0.467371
7.04, -0.325107, -0.470622
7.05, -0.315734, -0.473779
7.06, -0.306349, -0.476843
7.07, -0.296884, -0.479812
7.08, -0.287438, -0.482686
7.09, -0.277943, -0.485466
7.1, -0.268432, -0.48815
7.11, -0.258835, -0.490738
7.12, -0.249252, -0.493231
7.13, -0.239615, -0.495627
7.14, -0.229956, -0.497927
7.15, -0.220241, -0.500129
7.16, -0.210568, -0.502235
7.17, -0.200801, -0.504243
7.18, -0.191041, -0.506153
7.19, -0.181219, -0.507965
7.2, -0.1714, -0.509679
7.21, -0.161549, -0.511295
7.22, -0.151633, -0.512811
7.23, -0.141781, -0.514229
7.24, -0.131828, -0.515547
7.25, -0.12187, -0.516766
7.26, -0.111907, -0.517885
7.27, -0.101871, -0.518904
7.28, -0.0918929, -0.519823
7.29, -0.0818383, -0.520641
7.3, -0.0717722, -0.521359
7.31, -0.0616939, -0.521976
7.32, -0.0516009, -0.522492
7.33, -0.0414587, -0.522906
7.34, -0.0313329, -0.52322
7.35, -0.0211882, -0.523431
7.36, -0.0109896, -0.523541
7.37, -0.000835996, -0.52355
7.38, 0.00937436, -0.523456
7.39, 0.0196101, -0.52326
7.4, 0.0298385, -0.522961
7.41, 0.040062, -0.522561
7.42, 0.0503483, -0.522057
7.43, 0.0605987, -0.521451
7.44, 0.0708824, -0.520743
7.45, 0.0811665, -0.519931
7.46, 0.0914867, -0.519016
7.47, 0.101777, -0.517998
7.48, 0.112107, -0.516877
7.49, 0.12241, -0.515653
7.5, 0.132756, -0.514325
7.51, 0.143111, -0.512894
7.52, 0.153445, -0.51136
7.53, 0.163825, -0.509722
7.54, 0.174153, -0.50798
7.55, 0.184498, -0.506135
7.56, 0.194893, -0.504186
7.57, 0.205241, -0.502134
7.58, 0.21561, -0.499978
7.59, 0.226001, -0.497718
7.6, 0.236349, -0.495354
7.61, 0.246722, -0.492887
7.62, 0.257088, -0.490316
7.63, 0.267449, -0.487642
7.64, 0.277806, -0.484864
7.65, 0.28816, -0.481982
7.66, 0.298547, -0.478996
7.67, 0.308868, -0.475908
7.68, 0.319223, -0.472716
7.69, 0.329582, -0.46942
7.7, 0.339911, -0.466021
7.71, 0.350213, -0.462519
7.72, 0.360556, -0.458913
7.73, 0.37084, -0.455205
7.74, 0.381167, -0.451393
7.75, 0.391438, -0.447478
7.76, 0.401722, -0.443461
7.77, 0.412019, -0.439341
7.78, 0.422231, -0.435119
7.79, 0.432492, -0.430794
7.8, 0.442737, -0.426366
7.81, 0.452933, -0.421837
7.82, 0.463116, -0.417206
7.83, 0.473319, -0.412473
7.84, 0.48351, -0.407638
7.85, 0.493624, -0.402701
7.86, 0.503761, -0.397664
7.87, 0.513891, -0.392525
7.88, 0.523979, -0.387285
7.89, 0.534028, -0.381945
7.9, 0.544104, -0.376504
7.91, 0.554143, -0.370962
7.92, 0.564145, -0.365321
7.93, 0.574144, -0.35958
7.94, 0.584074, -0.353739
7.95, 0.594037, -0.347798
7.96, 0.603966, -0.341759
7.97, 0.61383, -0.33562
7.98, 0.623695, -0.329384
7.99, 0.633562, -0.323048
8, 0.643332, -0.316615
8.01, 0.653106, -0.310084
8.02, 0.662885, -0.303455
8.03, 0.672601, -0.296729
8.04, 0.682257, -0.289906
8.05, 0.691953, -0.282987
8.06, 0.701589, -0.275971
8.07, 0.711132, -0.268859
8.08, 0.72075, -0.261652
8.09, 0.730243, -0.254349
8.1, 0.739746, -0.246952
8.11, 0.749191, -0.23946
8.12, 0.758613, -0.231874
8.13, 0.768012, -0.224194
8.14, 0.777322, -0.216421
8.15, 0.786676, -0.208554
8.16, 0.795908, -0.200595
8.17, 0.805152, -0.192543
8.18, 0.814375, -0.184399
8.19, 0.823477, -0.176165
8.2, 0.832624, -0.167838
8.21, 0.841651, -0.159422
8.22, 0.850691, -0.150915
8.23, 0.859678, -0.142318
8.24, 0.868611, -0.133632
8.25, 0.87749, -0.124857
8.26, 0.886349, -0.115994
8.27, 0.895122, -0.107043
8.28, 0.903909, -0.0980034
8.29, 0.912575, -0.0888777
8.3, 0.921255, -0.0796651
8.31, 0.929849, -0.0703666
8.32, 0.938422, -0.0609824
8.33, 0.946942, -0.051513
8.34, 0.955375, -0.0419592
8.35, 0.963788, -0.0323213
8.36, 0.972147, -0.0225999
8.37, 0.980452, -0.0127954
8.38, 0.98867, -0.00290866
8.39, 0.9969, 0.00706034
8.4, 1.00501, 0.0171104
8.41, 1.01313, 0.0272417
8.42, 1.02113, 0.037453
8.43, 1.02914, 0.0477443
8.44, 1.03702, 0.0581145
8.45, 1.04489, 0.0685634
8.46, 1.05266, 0.07909
8.47, 1.06044, 0.0896944
8.48, 1.0681, 0.100375
8.49, 1.07571, 0.111133
8.5, 1.08328, 0.121965
8.51, 1.0908, 0.132873
8.52, 1.09823, 0.143856
8.53, 1.10559, 0.154912
8.54, 1.1129, 0.166041
8.55, 1.12018, 0.177242
8.56, 1.12733, 0.188516
8.57, 1.13448, 0.19986
8.58, 1.14151, 0.211275
8.59, 1.14851, 0.222761
8.6, 1.15541, 0.234315
8.61, 1.16227, 0.245937
8.62, 1.16908, 0.257628
8.63, 1.17578, 0.269386
8.64, 1.18242, 0.28121
8.65, 1.18903, 0.293101
8.66, 1.19553, 0.305056
8.67, 1.20194, 0.317075
8.68, 1.20834, 0.329159
8.69, 1.21464, 0.341305
8.7, 1.22087, 0.353514
8.71, 1.22703, 0.365784
8.72, 1.23308, 0.378115
8.73, 1.23909, 0.390506
8.74, 1.24507, 0.402956
8.75, 1.25087, 0.415465
8.76, 1.25669, 0.428032
8.77, 1.26238, 0.440656
8.78, 1.26802, 0.453336
8.79, 1.27358, 0.466072
8.8, 1.27907, 0.478863
8.81, 1.28444, 0.491707
8.82, 1.28977, 0.504605
8.83, 1.29502, 0.517555
8.84, 1.30019, 0.530557
8.85, 1.30528, 0.54361
8.86, 1.31028, 0.556713
8.87, 1.31521, 0.569865
8.88, 1.32008, 0.583065
8.89, 1.3248, 0.596313
8.9, 1.3295, 0.609608
8.91, 1.33412, 0.622949
8.92, 1.33861, 0.636336
8.93, 1.34309, 0.649766
8.94, 1.3474, 0.663241
8.95, 1.35167, 0.676757
8.96, 1.35588, 0.690316
8.97, 1.35996, 0.703916
8.98, 1.36398, 0.717555
8.99, 1.36792, 0.731235
9, 1.37176, 0.744952
9.01, 1.3755, 0.758707
9.02, 1.37919, 0.772499
9.03, 1.38274, 0.786326
9.04, 1.38627, 0.800189
9.05, 1.38967, 0.814086
9.06, 1.393, 0.828016
9.07, 1.39621, 0.841978
9.08, 1.39938, 0.855972
9.09, 1.40242, 0.869996
9.1, 1.40542, 0.88405
9.11, 1.40826, 0.898133
9.12, 1.41106, 0.912243
9.13, 1.41373, 0.926381
9.14, 1.41637, 0.940544
9.15, 1.41886, 0.954733
9.16, 1.42129, 0.968946
9.17, 1.42364, 0.983182
9.18, 1.42586, 0.997441
9.19, 1.42801, 1.01172
9.2, 1.43008, 1.02602
9.21, 1.43201, 1.04034
9.22, 1.43391, 1.05468
9.23, 1.43569, 1.06904
9.24, 1.43733, 1.08341
9.25, 1.43897, 1.0978
9.26, 1.44043, 1.11221
9.27, 1.44185, 1.12662
9.28, 1.44315, 1.14106
9.29, 1.44435, 1.1555
9.3, 1.44547, 1.16995
9.31, 1.44651, 1.18442
9.32, 1.44744, 1.19889
9.33, 1.44823, 1.21338
9.34, 1.449, 1.22787
9.35, 1.44963, 1.24236
9.36, 1.45017, 1.25686
9.37, 1.45064, 1.27137
9.38, 1.45096, 1.28588
9.39, 1.45123, 1.30039
9.4, 1.45136, 1.31491
9.41, 1.45147, 1.32942
9.42, 1.45139, 1.34393
9.43, 1.45124, 1.35845
9.44, 1.45104, 1.37296
9.45, 1.45072, 1.38746
9.46, 1.45026, 1.40197
9.47, 1.44974, 1.41646
9.48, 1.44914, 1.43096
9.49, 1.44839, 1.44544
9.5, 1.4476, 1.45992
9.51, 1.44668, 1.47438
9.52, 1.44565, 1.48884
9.53, 1.44454, 1.50328
9.54, 1.4433, 1.51772
9.55, 1.44202, 1.53214
9.56, 1.44062, 1.54654
9.57, 1.43911, 1.56093
9.58, 1.43747, 1.57531
9.59, 1.43579, 1.58967
9.6, 1.43398, 1.60401
9.61, 1.4321, 1.61833
9.62, 1.43006, 1.63263
9.63, 1.42797, 1.64691
9.64, 1.4258, 1.66117
9.65, 1.42347, 1.6754
9.66, 1.42107, 1.68961
9.67, 1.41861, 1.7038
9.68, 1.416, 1.71796
9.69, 1.4133, 1.73209
9.7, 1.41049, 1.7462
9.71, 1.40763, 1.76027
9.72, 1.40462, 1.77432
9.73, 1.40155, 1.78833
9.74, 1.39837, 1.80232
9.75, 1.39507, 1.81627
9.76, 1.39169, 1.83018
9.77, 1.38819, 1.84407
9.78, 1.38464, 1.85791
9.79, 1.38097, 1.87172
9.8, 1.37716, 1.88549
9.81, 1.37332, 1.89923
9.82, 1.36934, 1.91292
9.83, 1.36527, 1.92657
9.84, 1.36112, 1.94018
9.85, 1.35682, 1.95375
9.86, 1.3525, 1.96728
9.87, 1.348, 1.98076
9.88, 1.34348, 1.99419
9.89, 1.33882, 2.00758
9.9, 1.33407, 2.02092
9.91, 1.3292, 2.03421
9.92, 1.32429, 2.04746
9.93, 1.31926, 2.06065
9.94, 1.31411, 2.07379
9.95, 1.30888, 2.08688
9.96, 1.30357, 2.09991
9.97, 1.29814, 2.1129
9.98, 1.2926, 2.12582
9.99, 1.28704, 2.13869
10, 1.2813, 2.15151
10.01, 1.27551, 2.16426
10.02, 1.26964, 2.17696
10.03, 1.26362, 2.18959
10.04, 1.25759, 2.20217
10.05, 1.25137, 2.21468
10.06, 1.24513, 2.22713
10.07, 1.23875, 2.23952
10.08, 1.23232, 2.25185
10.09, 1.22577, 2.2641
10.1, 1.21914, 2.27629
10.11, 1.2124, 2.28842
10.12, 1.20557, 2.30047
10.13, 1.19869, 2.31246
10.14, 1.1917, 2.32438
10.15, 1.18459, 2.33622
10.16, 1.1774, 2.348
10.17, 1.17016, 2.3597
10.18, 1.16276, 2.37133
10.19, 1.15536, 2.38288
10.2, 1.1478, 2.39436
10.21, 1.14019, 2.40576
10.22, 1.13249, 2.41709
10.23, 1.12464, 2.42833
10.24, 1.11678, 2.4395
10.25, 1.10883, 2.45059
10.26, 1.10076, 2.4616
10.27, 1.09261, 2.47252
10.28, 1.08437, 2.48337
10.29, 1.07605, 2.49413
10.3, 1.06767, 2.5048
10.31, 1.0592, 2.51539
10.32, 1.05061, 2.5259
10.33, 1.04197, 2.53632
10.34, 1.03324, 2.54665
10.35, 1.02439, 2.5569
10.36, 1.01555, 2.56705
10.37, 1.00655, 2.57712
10.38, 0.997459, 2.58709
10.39, 0.988345, 2.59698
10.4, 0.97914, 2.60677
10.41, 0.969841, 2.61647
10.42, 0.96045, 2.62607
10.43, 0.950999, 2.63558
10.44, 0.941454, 2.64499
10.45, 0.931847, 2.65431
10.46, 0.922177, 2.66353
10.47, 0.912378, 2.67266
10.48, 0.902581, 2.68168
10.49, 0.892653, 2.69061
10.5, 0.88266, 2.69944
10.51, 0.872599, 2.70816
10.52, 0.862439, 2.71679
10.53, 0.852243, 2.72531
10.54, 0.841979, 2.73373
10.55, 0.831611, 2.74205
10.56, 0.821205, 2.75026
10.57, 0.810694, 2.75837
10.58, 0.80011, 2.76637
10.59, 0.789486, 2.77426
10.6, 0.778786, 2.78205
10.61, 0.768044, 2.78973
10.62, 0.757157, 2.7973
10.63, 0.746292, 2.80476
10.64, 0.735281, 2.81212
10.65, 0.724289, 2.81936
10.66, 0.713149, 2.82649
10.67, 0.701992, 2.83351
10.68, 0.690751, 2.84042
10.69, 0.67949, 2.84721
10.7, 0.668109, 2.85389
10.71, 0.656674, 2.86046
10.72, 0.645216, 2.86691
10.73, 0.633666, 2.87325
10.74, 0.622091, 2.87947
10.75, 0.610423, 2.88558
10.76, 0.598692, 2.89156
10.77, 0.586932, 2.89743
10.78, 0.575107, 2.90318
10.79, 0.563182, 2.90881
10.8, 0.55129, 2.91433
10.81, 0.539262, 2.91972
10.82, 0.527196, 2.92499
10.83, 0.515125, 2.93014
10.84, 0.502947, 2.93517
10.85, 0.49076, 2.94008
10.86, 0.478463, 2.94486
10.87, 0.466187, 2.94953
10.88, 0.453798, 2.95406
10.89, 0.441426, 2.95848
10.9, 0.428938, 2.96277
10.91, 0.416431, 2.96693
10.92, 0.403904, 2.97097
10.93, 0.391288, 2.97488
10.94, 0.378648, 2.97867
10.95, 0.365983, 2.98233
10.96, 0.353223, 2.98586
10.97, 0.340469, 2.98927
10.98, 0.32765, 2.99254
10.99, 0.314798, 2.99569
11, 0.301879, 2.99871
11.01, 0.288957, 3.0016
11.02, 0.275997, 3.00436
11.03, 0.262997, 3.00699
11.04, 0.249922, 3.00949
11.05, 0.236837, 3.01186
11.06, 0.223706, 3.0141
11.07, 0.210595, 3.0162
11.08, 0.197369, 3.01817
11.09, 0.184157, 3.02002
11.1, 0.170894, 3.02173
11.11, 0.157609, 3.0233
11.12, 0.1443, 3.02474
11.13, 0.130967, 3.02605
11.14, 0.117606, 3.02723
11.15, 0.10415, 3.02827
11.16, 0.0907632, 3.02918
11.17, 0.0773103, 3.02995
11.18, 0.0638228, 3.03059
11.19, 0.0502992, 3.03109
11.2, 0.0368035, 3.03146
11.21, 0.0232345, 3.03169
11.22, 0.00965663, 3.03179
11.23, -0.00393176, 3.03175
11.24, -0.0175325, 3.03158
11.25, -0.0311812, 3.03126
11.26, -0.0448461, 3.03082
11.27, -0.0584955, 3.03023
11.28, -0.0721652, 3.02951
11.29, -0.0858899, 3.02865
11.3, -0.0996045, 3.02765
11.31, -0.113312, 3.02652
11.32, -0.127079, 3.02525
11.33, -0.140809, 3.02384
11.34, -0.154603, 3.0223
11.35, -0.16833, 3.02061
11.36, -0.182158, 3.01879
11.37, -0.195956, 3.01683
11.38, -0.209724, 3.01473
11.39, -0.223532, 3.0125
11.4, -0.237382, 3.01013
11.41, -0.251175, 3.00761
11.42, -0.264979, 3.00496
11.43, -0.278829, 3.00218
11.44, -0.292662, 2.99925
11.45, -0.306443, 2.99618
11.46, -0.32031, 2.99298
11.47, -0.334129, 2.98964
11.48, -0.347969, 2.98616
11.49, -0.361766, 2.98254
11.5, -0.375587, 2.97879
11.51, -0.3894, 2.97489
11.52, -0.403241, 2.97086
11.53, -0.41701, 2.96669
11.54, -0.43081, 2.96238
11.55, -0.444608, 2.95794
11.56, -0.458372, 2.95335
11.57, -0.472138, 2.94863
11.58, -0.485907, 2.94377
11.59, -0.499645, 2.93878
11.6, -0.513389, 2.93364
11.61, -0.527073, 2.92837
11.62, -0.540798, 2.92296
11.63, -0.554498, 2.91742
11.64, -0.568142, 2.91174
11.65, -0.581797, 2.90592
11.66, -0.595465, 2.89996
11.67, -0.609047, 2.89387
11.68, -0.622643, 2.88765
11.69, -0.636222, 2.88128
11.7, -0.649784, 2.87479
11.71, -0.663297, 2.86815
11.72, -0.676797, 2.86139
11.73, -0.690282, 2.85448
11.74, -0.703722, 2.84745
11.75, -0.71715, 2.84027
11.76, -0.730567, 2.83297
11.77, -0.743907, 2.82553
11.78, -0.757272, 2.81796
11.79, -0.770561, 2.81025
11.8, -0.783843, 2.80241
11.81, -0.797085, 2.79444
11.82, -0.810287, 2.78634
11.83, -0.823483, 2.7781
11.84, -0.836607, 2.76974
11.85, -0.849694, 2.76124
11.86, -0.862777, 2.75261
11.87, -0.875824, 2.74386
11.88, -0.888767, 2.73497
11.89, -0.901741, 2.72595
11.9, -0.914647, 2.7168
11.91, -0.927517, 2.70753
11.92, -0.94032, 2.69813
11.93, -0.953122, 2.68859
11.94, -0.965823, 2.67894
11.95, -0.978557, 2.66915
11.96, -0.991157, 2.65924
11.97, -1.00376, 2.6492
11.98, -1.01633, 2.63904
11.99, -1.02879, 2.62875
12, -1.04126, 2.61834
12.01, -1.05363, 2.6078
12.02, -1.066, 2.59714
12.03, -1.07827, 2.58636
12.04, -1.09054, 2.57545
12.05, -1.10268, 2.56443
12.06, -1.11481, 2.55328
12.07, -1.12689, 2.54201
12.08, -1.13892, 2.53062
12.09, -1.15083, 2.51911
12.1, -1.16277, 2.50748
12.11, -1.17457, 2.49574
12.12, -1.18634, 2.48387
12.13, -1.19808, 2.47189
12.14, -1.20971, 2.4598
12.15, -1.22131, 2.44758
12.16, -1.2328, 2.43526
12.17, -1.24426, 2.42281
12.18, -1.25566, 2.41026
12.19, -1.26698, 2.39759
12.2, -1.27826, 2.3848
12.21, -1.2894, 2.37191
12.22, -1.30054, 2.3589
12.23, -1.31158, 2.34579
12.24, -1.32254, 2.33256
12.25, -1.33346, 2.31923
12.26, -1.34428, 2.30579
12.27, -1.35501, 2.29224
12.28, -1.36571, 2.27858
12.29, -1.37633, 2.26482
12.3, -1.38684, 2.25095
12.31, -1.39727, 2.23697
12.32, -1.40766, 2.2229
12.33, -1.41797, 2.20872
12.34, -1.42816, 2.19444
12.35, -1.43831, 2.18005
12.36, -1.44837, 2.16557
12.37, -1.45832, 2.15099
12.38, -1.46822, 2.1363
12.39, -1.47803, 2.12152
12.4, -1.48772, 2.10665
12.41, -1.49736, 2.09167
12.42, -1.50695, 2.0766
12.43, -1.51638, 2.06144
12.44, -1.52575, 2.04618
12.45, -1.53504, 2.03083
12.46, -1.54426, 2.01539
12.47, -1.55333, 1.99986
12.48, -1.56237, 1.98423
12.49, -1.57131, 1.96852
12.5, -1.58012, 1.95272
12.51, -1.58888, 1.93683
12.52, -1.59753, 1.92085
12.53, -1.60605, 1.90479
12.54, -1.61453, 1.88865
12.55, -1.62292, 1.87242
12.56, -1.63116, 1.85611
12.57, -1.63934, 1.83971
12.58, -1.64741, 1.82324
12.59, -1.65538, 1.80669
12.6, -1.66327, 1.79005
12.61, -1.67102, 1.77334
12.62, -1.67872, 1.75656
12.63, -1.68628, 1.73969
12.64, -1.69376, 1.72276
12.65, -1.70113, 1.70574
12.66, -1.70838, 1.68866
12.67, -1.71559, 1.6715
12.68, -1.72261, 1.65428
12.69, -1.72958, 1.63698
12.7, -1.73646, 1.61962
12.71, -1.74315, 1.60219
12.72, -1.74982, 1.58469
12.73, -1.75634, 1.56713
12.74, -1.76279, 1.5495
12.75, -1.76906, 1.53181
12.76, -1.77529, 1.51405
12.77, -1.7814, 1.49624
12.78, -1.78735, 1.47837
12.79, -1.79326, 1.46043
12.8, -1.79898, 1.44244
12.81, -1.80466, 1.4244
12.82, -1.81021, 1.4063
12.83, -1.81562, 1.38814
12.84, -1.82093, 1.36993
12.85, -1.82613, 1.35167
12.86, -1.83123, 1.33336
12.87, -1.83615, 1.31499
12.88, -1.84103, 1.29658
12.89, -1.84577, 1.27813
12.9, -1.8504, 1.25962
12.91, -1.85489, 1.24107
12.92, -1.85929, 1.22248
12.93, -1.86355, 1.20385
12.94, -1.86772, 1.18517
12.95, -1.87171, 1.16645
12.96, -1.87565, 1.14769
12.97, -1.87944, 1.1289
12.98, -1.88308, 1.11007
12.99, -1.88666, 1.0912
13, -1.89009, 1.0723
13.01, -1.89339, 1.05337
13.02, -1.89657, 1.0344
13.03, -1.89966, 1.01541
13.04, -1.90256, 0.99638
13.05, -1.90543, 0.977326
13.06, -1.90807, 0.958245
13.07, -1.91068, 0.939138
13.08, -1.9131, 0.920007
13.09, -1.91545, 0.900853
13.1, -1.91764, 0.881676
13.11, -1.9197, 0.862479
13.12, -1.92165, 0.843263
13.13, -1.9235, 0.824028
13.14, -1.92516, 0.804776
13.15, -1.92674, 0.785509
13.16, -1.92818, 0.766227
13.17, -1.92952, 0.746932
13.18, -1.93066, 0.727625
13.19, -1.93175, 0.708308
13.2, -1.93268, 0.688981
13.21, -1.93349, 0.669646
13.22, -1.93416, 0.650304
13.23, -1.93473, 0.630957
13.24, -1.93511, 0.611606
13.25, -1.93542, 0.592252
13.26, -1.93558, 0.572896
13.27, -1.9356, 0.55354
13.28, -1.93554, 0.534184
13.29, -1.93526, 0.514832
13.3, -1.93494, 0.495482
13.31, -1.93444, 0.476138
13.32, -1.93382, 0.4568
13.33, -1.93308, 0.437469
13.34, -1.93219, 0.418147
13.35, -1.93119, 0.398835
13.36, -1.93003, 0.379535
13.37, -1.92876, 0.360247
13.38, -1.92736, 0.340974
13.39, -1.92585, 0.321715
13.4, -1.92415, 0.302474
13.41, -1.92236, 0.28325
13.42, -1.92045, 0.264046
13.43, -1.91839, 0.244862
13.44, -1.9162, 0.2257
13.45, -1.91386, 0.206561
13.46, -1.91142, 0.187447
13.47, -1.9088, 0.168359
13.48, -1.90612, 0.149298
13.49, -1.90328, 0.130265
13.5, -1.90028, 0.111262
13.51, -1.89716, 0.0922905
13.52, -1.89391, 0.0733514
13.53, -1.89056, 0.0544458
13.54, -1.88702, 0.0355756
13.55, -1.88339, 0.0167416
13.56, -1.87963, -0.00205471
13.57, -1.87571, -0.0208118
13.58, -1.8717, -0.0395288
13.59, -1.86752, -0.058204
13.6, -1.86321, -0.0768361
13.61, -1.85881, -0.0954242
13.62, -1.85424, -0.113967
13.63, -1.84954, -0.132462
13.64, -1.84475, -0.150909
13.65, -1.83975, -0.169307
13.66, -1.83469, -0.187654
13.67, -1.8295, -0.205949
13.68, -1.82411, -0.22419
13.69, -1.81866, -0.242377
13.7, -1.81307, -0.260507
13.71, -1.80731, -0.278581
13.72, -1.80146, -0.296595
13.73, -1.79547, -0.31455
13.74, -1.78934, -0.332443
13.75, -1.78312, -0.350274
13.76, -1.77672, -0.368042
13.77, -1.77019, -0.385744
13.78, -1.76359, -0.40338
13.79, -1.75679, -0.420947
13.8, -1.74992, -0.438447
13.81, -1.74291, -0.455876
13.82, -1.73573, -0.473233
13.83, -1.72848, -0.490518
13.84, -1.72109, -0.507729
13.85, -1.71356, -0.524864
13.86, -1.70589, -0.541923
13.87, -1.69812, -0.558904
13.88, -1.69024, -0.575807
13.89, -1.68218, -0.592629
13.9, -1.67402, -0.609369
13.91, -1.66575, -0.626026
13.92, -1.65737, -0.6426
13.93, -1.64882, -0.659088
13.94, -1.64019, -0.67549
13.95, -1.63142, -0.691804
13.96, -1.6225, -0.70803
13.97, -1.61351, -0.724165
13.98, -1.60437, -0.740208
13.99, -1.59512, -0.756159
14, -1.58572, -0.772017
14.01, -1.57625, -0.787779
14.02, -1.56659, -0.803445
14.03, -1.55689, -0.819014
14.04, -1.54703, -0.834484
14.05, -1.53703, -0.849855
14.06, -1.52695, -0.865124
14.07, -1.51675, -0.880292
14.08, -1.5064, -0.895356
14.09, -1.496, -0.910316
14.1, -1.48541, -0.92517
14.11, -1.47474, -0.939917
14.12, -1.46394, -0.954556
14.13, -1.45306, -0.969087
14.14, -1.44202, -0.983507
14.15, -1.4309, -0.997816
14.16, -1.41965, -1.01201
14.17, -1.40831, -1.0261
14.18, -1.39681, -1.04006
14.19, -1.38529, -1.05392
14.2, -1.37357, -1.06765
14.21, -1.36176, -1.08127
14.22, -1.34989, -1.09477
14.23, -1.33785, -1.10815
14.24, -1.32575, -1.12141
14.25, -1.31349, -1.13454
14.26, -1.3012, -1.14755
14.27, -1.28873, -1.16044
14.28, -1.2762, -1.1732
14.29, -1.26354, -1.18584
14.3, -1.2508, -1.19834
14.31, -1.23793, -1.21072
14.32, -1.22499, -1.22297
14.33, -1.21194, -1.23509
14.34, -1.19875, -1.24708
14.35, -1.18552, -1.25894
14.36, -1.17217, -1.27066
14.37, -1.15869, -1.28224
14.38, -1.14512, -1.2937
14.39, -1.13151, -1.30501
14.4, -1.11772, -1.31619
14.41, -1.10391, -1.32723
14.42, -1.08999, -1.33813
14.43, -1.07591, -1.34889
14.44, -1.06181, -1.3595
14.45, -1.04759, -1.36998
14.46, -1.03328, -1.38031
14.47, -1.01889, -1.3905
14.48, -1.00443, -1.40055
14.49, -0.989812, -1.41044
14.5, -0.975168, -1.4202
14.51, -0.960393, -1.4298
14.52, -0.945554, -1.43926
14.53, -0.93065, -1.44856
14.54, -0.915644, -1.45772
14.55, -0.900536, -1.46672
14.56, -0.885358, -1.47558
14.57, -0.870108, -1.48428
14.58, -0.854784, -1.49283
14.59, -0.839352, -1.50122
14.6, -0.823843, -1.50946
14.61, -0.808289, -1.51754
14.62, -0.792621, -1.52547
14.63, -0.776905, -1.53324
14.64, -0.761072, -1.54085
14.65, -0.745222, -1.5483
14.66, -0.729251, -1.55559
14.67, -0.713224, -1.56272
14.68, -0.697142, -1.5697
14.69, -0.680967, -1.57651
14.7, -0.664698, -1.58315
14.71, -0.648434, -1.58964
14.72, -0.63204, -1.59596
14.73, -0.61558, -1.60211
14.74, -0.59912, -1.6081
14.75, -0.582489, -1.61393
14.76, -0.565889, -1.61959
14.77, -0.549182, -1.62508
14.78, -0.532434, -1.6304
14.79, -0.515609, -1.63556
14.8, -0.498707, -1.64055
14.81, -0.481791, -1.64536
14.82, -0.464759, -1.65001
14.83, -0.447744, -1.65449
14.84, -0.43061, -1.6588
14.85, -0.413456, -1.66293
14.86, -0.396245, -1.66689
14.87, -0.378976, -1.67068
14.88, -0.361647, -1.6743
14.89, -0.344291, -1.67774
14.9, -0.326837, -1.68101
14.91, -0.309385, -1.6841
14.92, -0.291899, -1.68702
14.93, -0.27431, -1.68977
14.94, -0.256718, -1.69233
14.95, -0.239052, -1.69472
14.96, -0.221378, -1.69694
14.97, -0.203628, -1.69897
14.98, -0.185866, -1.70083
14.99, -0.168058, -1.70251
15, -0.150234, -1.70402
15.01, -0.132292, -1.70534
15.02, -0.114432, -1.70648
15.03, -0.0964165, -1.70745
15.04, -0.0784792, -1.70823
15.05, -0.060417, -1.70884
15.06, -0.0423952, -1.70926
15.07, -0.0243117, -1.7095
15.08, -0.00619814, -1.70957
15.09, 0.0119469, -1.70945
15.1, 0.0301257, -1.70914
15.11, 0.0483061, -1.70866
15.12, 0.0664904, -1.708
15.13, 0.0847468, -1.70715
15.14, 0.103011, -1.70612
15.15, 0.121283, -1.70491
15.16, 0.139599, -1.70351
15.17, 0.157894, -1.70193
15.18, 0.176237, -1.70017
15.19, 0.194561, -1.69822
15.2, 0.212936, -1.69609
15.21, 0.23133, -1.69378
15.22, 0.24971, -1.69128
15.23, 0.26808, -1.6886
15.24, 0.286506, -1.68574
15.25, 0.304924, -1.68269
15.26, 0.323334, -1.67946
15.27, 0.341774, -1.67604
15.28, 0.360209, -1.67244
15.29, 0.378641, -1.66865
15.3, 0.397107, -1.66468
15.31, 0.415505, -1.66052
15.32, 0.433973, -1.65618
15.33, 0.452376, -1.65166
15.34, 0.470852, -1.64695
15.35, 0.489266, -1.64206
15.36, 0.507687, -1.63698
15.37, 0.526117, -1.63172
15.38, 0.544523, -1.62627
15.39, 0.56294, -1.62065
15.4, 0.581302, -1.61483
15.41, 0.599711, -1.60884
15.42, 0.618067, -1.60265
15.43, 0.636405, -1.59629
15.44, 0.65476, -1.58974
15.45, 0.673099, -1.58301
15.46, 0.69139, -1.5761
15.47, 0.709667, -1.569
15.48, 0.727965, -1.56172
15.49, 0.746183, -1.55426
15.5, 0.764425, -1.54662
15.51, 0.782589, -1.53879
15.52, 0.800777, -1.53078
15.53, 0.818924, -1.52259
15.54, 0.837063, -1.51422
15.55, 0.855127, -1.50567
15.56, 0.873186, -1.49694
15.57, 0.891239, -1.48803
15.58, 0.909221, -1.47893
15.59, 0.927164, -1.46966
15.6, 0.945105, -1.46021
15.61, 0.963008, -1.45058
15.62, 0.980842, -1.44077
15.63, 0.99864, -1.43079
15.64, 1.01644, -1.42062
15.65, 1.03417, -1.41028
15.66, 1.05186, -1.39976
15.67, 1.06949, -1.38907
15.68, 1.08708, -1.3782
15.69, 1.10464, -1.36715
15.7, 1.12217, -1.35593
15.71, 1.1396, -1.34453
15.72, 1.15699, -1.33296
15.73, 1.17435, -1.32122
15.74, 1.19168, -1.3093
15.75, 1.20891, -1.29721
15.76, 1.22608, -1.28495
15.77, 1.24325, -1.27252
15.78, 1.26031, -1.25992
15.79, 1.27732, -1.24714
15.8, 1.29432, -1.2342
15.81, 1.31119, -1.22109
15.82, 1.32799, -1.20781
15.83, 1.3448, -1.19436
15.84, 1.36151, -1.18075
15.85, 1.37815, -1.16696
15.86, 1.39472, -1.15302
15.87, 1.41119, -1.1389
15.88, 1.42766, -1.12463
15.89, 1.444, -1.11019
15.9, 1.46033, -1.09558
15.91, 1.4765, -1.08082
15.92, 1.49267, -1.06589
15.93, 1.50873, -1.05081
15.94, 1.52472, -1.03556
15.95, 1.54064, -1.02015
15.96, 1.55646, -1.00459
15.97, 1.5722, -0.988866
15.98, 1.58787, -0.972987
15.99, 1.60347, -0.956952
16, 1.61897, -0.940763
16.01, 1.63438, -0.924419
16.02, 1.64973, -0.907922
16.03, 1.66496, -0.891272
16.04, 1.68012, -0.874471
16.05, 1.69517, -0.857519
16.06, 1.71017, -0.840417
16.07, 1.72502, -0.823167
16.08, 1.73983, -0.805769
16.09, 1.75449, -0.788224
16.1, 1.76911, -0.770533
16.11, 1.78364, -0.752697
16.12, 1.79802, -0.734716
16.13, 1.81231, -0.716593
16.14, 1.82652, -0.698328
16.15, 1.84064, -0.679922
16.16, 1.85464, -0.661375
16.17, 1.86852, -0.64269
16.18, 1.88231, -0.623867
16.19, 1.89601, -0.604907
16.2, 1.90961, -0.585811
16.21, 1.92306, -0.56658
16.22, 1.93644, -0.547216
16.23, 1.94969, -0.527719
16.24, 1.96282, -0.508091
16.25, 1.97588, -0.488332
16.26, 1.98877, -0.468444
16.27, 2.00159, -0.448428
16.28, 2.01428, -0.428285
16.29, 2.02687, -0.408017
16.3, 2.03932, -0.387623
16.31, 2.05166, -0.367107
16.32, 2.06389, -0.346468
16.33, 2.07595, -0.325708
16.34, 2.08797, -0.304829
16.35, 2.09984, -0.28383
16.36, 2.11153, -0.262715
16.37, 2.12317, -0.241483
16.38, 2.13467, -0.220137
16.39, 2.14602, -0.198676
16.4, 2.15724, -0.177104
16.41, 2.16835, -0.155421
16.42, 2.17934, -0.133627
16.43, 2.1902, -0.111725
16.44, 2.2009, -0.0897162
16.45, 2.21148, -0.0676013
16.46, 2.22194, -0.0453819
16.47, 2.23226, -0.0230593
16.48, 2.24246, -0.000634696
16.49, 2.25249, 0.0218902
16.5, 2.26242, 0.0445144
16.51, 2.27222, 0.0672366
16.52, 2.28182, 0.0900548
16.53, 2.29137, 0.112969
16.54, 2.30069, 0.135975
16.55, 2.30994, 0.159075
16.56, 2.31901, 0.182265
16.57, 2.32797, 0.205545
16.58, 2.33676, 0.228912
16.59, 2.3454, 0.252366
16.6, 2.35392, 0.275905
16.61, 2.3623, 0.299528
16.62, 2.37052, 0.323234
16.63, 2.37856, 0.347019
16.64, 2.38652, 0.370885
16.65, 2.39429, 0.394827
16.66, 2.40193, 0.418847
16.67, 2.40942, 0.442941
16.68, 2.41674, 0.467108
16.69, 2.42391, 0.491347
16.7, 2.43095, 0.515657
16.71, 2.43783, 0.540035
16.72, 2.44454, 0.564481
16.73, 2.45112, 0.588992
16.74, 2.4575, 0.613567
16.75, 2.4638, 0.638205
16.76, 2.46988, 0.662903
16.77, 2.47585, 0.687662
16.78, 2.48164, 0.712478
16.79, 2.48726, 0.737351
16.8, 2.49274, 0.762278
16.81, 2.49805, 0.787259
16.82, 2.5032, 0.812291
16.83, 2.50821, 0.837373
16.84, 2.51305, 0.862503
16.85, 2.51773, 0.887681
16.86, 2.52223, 0.912903
16.87, 2.52661, 0.938169
16.88, 2.53077, 0.963477
16.89, 2.53481, 0.988825
16.9, 2.53866, 1.01421
16.91, 2.54236, 1.03964
16.92, 2.5459, 1.06509
16.93, 2.54925, 1.09059
16.94, 2.55247, 1.11611
16.95, 2.55549, 1.14167
16.96, 2.55839, 1.16725
16.97, 2.56106, 1.19286
16.98, 2.56362, 1.2185
16.99, 2.56596, 1.24416
17, 2.5682, 1.26984
17.01, 2.5702, 1.29554
17.02, 2.57206, 1.32126
17.03, 2.57376, 1.347
17.04, 2.57528, 1.37275
17.05, 2.5766, 1.39852
17.06, 2.57781, 1.4243
17.07, 2.57882, 1.45008
17.08, 2.57968, 1.47588
17.09, 2.58033, 1.50168
17.1, 2.5808, 1.52749
17.11, 2.58116, 1.5533
17.12, 2.58128, 1.57912
17.13, 2.58128, 1.60493
17.14, 2.58106, 1.63074
17.15, 2.58073, 1.65655
17.16, 2.58015, 1.68235
17.17, 2.57945, 1.70814
17.18, 2.57857, 1.73393
17.19, 2.5775, 1.7597
17.2, 2.57627, 1.78547
17.21, 2.57483, 1.81121
17.22, 2.57329, 1.83695
17.23, 2.5715, 1.86266
17.24, 2.56955, 1.88836
17.25, 2.56747, 1.91403
17.26, 2.56517, 1.93968
17.27, 2.56271, 1.96531
17.28, 2.56009, 1.99091
17.29, 2.55727, 2.01649
17.3, 2.55428, 2.04203
17.31, 2.55111, 2.06754
17.32, 2.54776, 2.09302
17.33, 2.54429, 2.11846
17.34, 2.54058, 2.14387
17.35, 2.5367, 2.16923
17.36, 2.53266, 2.19456
17.37, 2.52848, 2.21984
17.38, 2.52406, 2.24508
17.39, 2.51947, 2.27028
17.4, 2.51475, 2.29543
17.41, 2.50985, 2.32052
17.42, 2.50472, 2.34557
17.43, 2.49947, 2.37057
17.44, 2.49402, 2.39551
17.45, 2.4884, 2.42039
17.46, 2.48259, 2.44522
17.47, 2.47665, 2.46998
17.48, 2.47049, 2.49469
17.49, 2.46419, 2.51933
17.5, 2.45767, 2.54391
17.51, 2.45101, 2.56842
17.52, 2.44417, 2.59286
17.53, 2.43715, 2.61723
17.54, 2.42994, 2.64153
17.55, 2.42262, 2.66576
17.56, 2.41504, 2.68991
17.57, 2.40735, 2.71398
17.58, 2.39948, 2.73797
17.59, 2.39141, 2.76189
17.6, 2.38319, 2.78572
17.61, 2.37479, 2.80947
17.62, 2.36619, 2.83313
17.63, 2.35748, 2.85671
17.64, 2.34857, 2.88019
17.65, 2.3395, 2.90359
17.66, 2.33021, 2.92689
17.67, 2.32079, 2.9501
17.68, 2.31121, 2.97321
17.69, 2.30147, 2.99622
17.7, 2.2915, 3.01914
17.71, 2.28143, 3.04195
17.72, 2.27113, 3.06466
17.73, 2.26073, 3.08727
17.74, 2.2501, 3.10977
17.75, 2.23934, 3.13216
17.76, 2.22841, 3.15445
17.77, 2.21731, 3.17662
17.78, 2.20604, 3.19868
17.79, 2.1946, 3.22063
17.8, 2.18302, 3.24246
17.81, 2.17127, 3.26417
17.82, 2.15934, 3.28576
17.83, 2.14728, 3.30724
17.84, 2.13503, 3.32859
17.85, 2.12258, 3.34981
17.86, 2.11005, 3.37091
17.87, 2.09734, 3.39189
17.88, 2.08441, 3.41273
17.89, 2.07141, 3.43345
17.9, 2.05819, 3.45403
17.91, 2.04482, 3.47448
17.92, 2.03129, 3.49479
17.93, 2.01765, 3.51497
17.94, 2.00379, 3.535
17.95, 1.98981, 3.5549
17.96, 1.97567, 3.57466
17.97, 1.96141, 3.59427
17.98, 1.94693, 3.61374
17.99, 1.93235, 3.63306
18, 1.91761, 3.65224
18.01, 1.9027, 3.67127
18.02, 1.88764, 3.69014
18.03, 1.87248, 3.70887
18.04, 1.85711, 3.72744
18.05, 1.84162, 3.74586
18.06, 1.82599, 3.76412
18.07, 1.81019, 3.78222
18.08, 1.79425, 3.80016
18.09, 1.7782, 3.81794
18.1, 1.76199, 3.83556
18.11, 1.74563, 3.85302
18.12, 1.72912, 3.87031
18.13, 1.71247, 3.88743
18.14, 1.69571, 3.90439
18.15, 1.67877, 3.92118
18.16, 1.66174, 3.9378
18.17, 1.64453, 3.95424
18.18, 1.62717, 3.97051
18.19, 1.60976, 3.98661
18.2, 1.59215, 4.00253
18.21, 1.57439, 4.01828
18.22, 1.55657, 4.03384
18.23, 1.53856, 4.04923
18.24, 1.52042, 4.06443
18.25, 1.50218, 4.07945
18.26, 1.48381, 4.09429
18.27, 1.46531, 4.10895
18.28, 1.44667, 4.12341
18.29, 1.42789, 4.13769
18.3, 1.40902, 4.15178
18.31, 1.39003, 4.16568
18.32, 1.37087, 4.17939
18.33, 1.35167, 4.19291
18.34, 1.33228, 4.20623
18.35, 1.31279, 4.21936
18.36, 1.29321, 4.23229
18.37, 1.27349, 4.24502
18.38, 1.25364, 4.25756
18.39, 1.23371, 4.2699
18.4, 1.21365, 4.28203
18.41, 1.19347, 4.29397
18.42, 1.1732, 4.3057
18.43, 1.15284, 4.31723
18.44, 1.13231, 4.32855
18.45, 1.11172, 4.33967
18.46, 1.09103, 4.35058
18.47, 1.07023, 4.36128
18.48, 1.04927, 4.37178
18.49, 1.0283, 4.38206
18.5, 1.00716, 4.39213
18.51, 0.98594, 4.40199
18.52, 0.964644, 4.41164
18.53, 0.943237, 4.42107
18.54, 0.921715, 4.43029
18.55, 0.900143, 4.43929
18.56, 0.87842, 4.44807
18.57, 0.856677, 4.45664
18.58, 0.834779, 4.46499
18.59, 0.812824, 4.47311
18.6, 0.79081, 4.48102
18.61, 0.768635, 4.48871
18.62, 0.74643, 4.49617
18.63, 0.724128, 4.50341
18.64, 0.70176, 4.51043
18.65, 0.67929, 4.51722
18.66, 0.65675, 4.52379
18.67, 0.634138, 4.53013
18.68, 0.611419, 4.53625
18.69, 0.588658, 4.54213
18.7, 0.565819, 4.54779
18.71, 0.542901, 4.55322
18.72, 0.519935, 4.55842
18.73, 0.496853, 4.56339
18.74, 0.473753, 4.56813
18.75, 0.450533, 4.57263
18.76, 0.427291, 4.5769
18.77, 0.403993, 4.58094
18.78, 0.38057, 4.58475
18.79, 0.357186, 4.58832
18.8, 0.33364, 4.59166
18.81, 0.310097, 4.59476
18.82, 0.286489, 4.59762
18.83, 0.262814, 4.60025
18.84, 0.239103, 4.60264
18.85, 0.215355, 4.6048
18.86, 0.191501, 4.60671
18.87, 0.16764, 4.60839
18.88, 0.143704, 4.60983
18.89, 0.11979, 4.61102
18.9, 0.0957311, 4.61198
18.91, 0.0717255, 4.6127
18.92, 0.0476042, 4.61317
18.93, 0.0234998, 4.61341
18.94, -0.000689988, 4.6134
18.95, -0.0248658, 4.61315
18.96, -0.0491298, 4.61266
18.97, -0.0733495, 4.61193
18.98, -0.0976939, 4.61095
18.99, -0.12203, 4.60973
19, -0.14636, 4.60827
19.01, -0.170752, 4.60656
19.02, -0.195174, 4.60461
19.03, -0.219593, 4.60241
19.04, -0.244045, 4.59997
19.05, -0.268531, 4.59729
19.06, -0.293018, 4.59436
19.07, -0.317541, 4.59118
19.08, -0.342068, 4.58776
19.09, -0.366601, 4.58409
19.1, -0.39114, 4.58018
19.11, -0.41572, 4.57603
19.12, -0.440275, 4.57162
19.13, -0.464873, 4.56697
19.14, -0.489449, 4.56208
19.15, -0.514037, 4.55694
19.16, -0.538637, 4.55155
19.17, -0.563217, 4.54592
19.18, -0.587812, 4.54004
19.19, -0.61239, 4.53392
19.2, -0.636984, 4.52755
19.21, -0.661562, 4.52093
19.22, -0.686124, 4.51407
19.23, -0.710672, 4.50697
19.24, -0.73524, 4.49961
19.25, -0.759762, 4.49202
19.26, -0.784304, 4.48417
19.27, -0.808801, 4.47608
19.28, -0.833288, 4.46775
19.29, -0.857763, 4.45917
19.3, -0.882229, 4.45035
19.31, -0.906652, 4.44129
19.32, -0.931033, 4.43197
19.33, -0.955406, 4.42242
19.34, -0.97977, 4.41262
19.35, -1.00409, 4.40258
19.36, -1.02838, 4.3923
19.37, -1.05262, 4.38177
19.38, -1.07685, 4.371
19.39, -1.10105, 4.35999
19.4, -1.12517, 4.34874
19.41, -1.14932, 4.33725
19.42, -1.17334, 4.32551
19.43, -1.19741, 4.31354
19.44, -1.22138, 4.30133
19.45, -1.2453, 4.28887
19.46, -1.26919, 4.27618
19.47, -1.29304, 4.26325
19.48, -1.31682, 4.25008
19.49, -1.34056, 4.23668
19.5, -1.36423, 4.22304
19.51, -1.38785, 4.20916
19.52, -1.41144, 4.19504
19.53, -1.43496, 4.18069
19.54, -1.45836, 4.16611
19.55, -1.48176, 4.15129
19.56, -1.50509, 4.13624
19.57, -1.52834, 4.12096
19.58, -1.55152, 4.10544
19.59, -1.57463, 4.0897
19.6, -1.59769, 4.07372
19.61, -1.62068, 4.05751
19.62, -1.64355, 4.04108
19.63, -1.66638, 4.02441
19.64, -1.68914, 4.00752
19.65, -1.71178, 3.9904
19.66, -1.73438, 3.97306
19.67, -1.7569, 3.95549
19.68, -1.77927, 3.9377
19.69, -1.80167, 3.91968
19.7, -1.82388, 3.90144
19.71, -1.84604, 3.88298
19.72, -1.86812, 3.8643
19.73, -1.89008, 3.8454
19.74, -1.91196, 3.82628
19.75, -1.93375, 3.80694
19.76, -1.95542, 3.78739
19.77, -1.97704, 3.76762
19.78, -1.99853, 3.74763
19.79, -2.01991, 3.72743
19.8, -2.04119, 3.70702
19.81, -2.06235, 3.6864
19.82, -2.08345, 3.66556
19.83, -2.10442, 3.64452
19.84, -2.12527, 3.62327
19.85, -2.14601, 3.60181
19.86, -2.16663, 3.58014
19.87, -2.18715, 3.55827
19.88, -2.20754, 3.53619
19.89, -2.22787, 3.51392
19.9, -2.24802, 3.49144
19.91, -2.26804, 3.46876
19.92, -2.28798, 3.44588
19.93, -2.30779, 3.4228
19.94, -2.32746, 3.39952
19.95, -2.34698, 3.37605
19.96, -2.36643, 3.35239
19.97, -2.38571, 3.32853
19.98, -2.40487, 3.30448
19.99, -2.42388, 3.28024
20, -2.44281, 3.25582
