0.000000 3.000000 0.000000
0.010000 3.022999 0.029558
0.020000 3.045989 0.058489
0.030000 3.068964 0.086832
0.040000 3.091914 0.114623
0.050000 3.114832 0.141897
0.060000 3.137710 0.168687
0.070000 3.160540 0.195026
0.080000 3.183314 0.220943
0.090000 3.206024 0.246467
0.100000 3.228661 0.271626
0.110000 3.251219 0.296447
0.120000 3.273689 0.320954
0.130000 3.296064 0.345172
0.140000 3.318336 0.369124
0.150000 3.340497 0.392831
0.160000 3.362539 0.416314
0.170000 3.384456 0.439593
0.180000 3.406239 0.462687
0.190000 3.427882 0.485614
0.200000 3.449376 0.508391
0.210000 3.470715 0.531035
0.220000 3.491891 0.553560
0.230000 3.512898 0.575982
0.240000 3.533728 0.598315
0.250000 3.554375 0.620572
0.260000 3.574831 0.642766
0.270000 3.595091 0.664909
0.280000 3.615147 0.687012
0.290000 3.634993 0.709087
0.300000 3.654622 0.731143
0.310000 3.674029 0.753190
0.320000 3.693207 0.775239
0.330000 3.712150 0.797297
0.340000 3.730852 0.819372
0.350000 3.749308 0.841474
0.360000 3.767512 0.863608
0.370000 3.785459 0.885783
0.380000 3.803142 0.908005
0.390000 3.820558 0.930279
0.400000 3.837700 0.952613
0.410000 3.854564 0.975010
0.420000 3.871145 0.997478
0.430000 3.887438 1.020020
0.440000 3.903440 1.042641
0.450000 3.919145 1.065346
0.460000 3.934549 1.088138
0.470000 3.949649 1.111021
0.480000 3.964440 1.133998
0.490000 3.978920 1.157074
0.500000 3.993083 1.180250
0.510000 4.006928 1.203530
0.520000 4.020450 1.226915
0.530000 4.033647 1.250410
0.540000 4.046516 1.274014
0.550000 4.059054 1.297732
0.560000 4.071259 1.321563
0.570000 4.083128 1.345510
0.580000 4.094659 1.369575
0.590000 4.105851 1.393758
0.600000 4.116700 1.418060
0.610000 4.127207 1.442483
0.620000 4.137368 1.467027
0.630000 4.147184 1.491694
0.640000 4.156652 1.516483
0.650000 4.165772 1.541394
0.660000 4.174543 1.566430
0.670000 4.182964 1.591588
0.680000 4.191036 1.616870
0.690000 4.198757 1.642276
0.700000 4.206129 1.667805
0.710000 4.213150 1.693457
0.720000 4.219821 1.719233
0.730000 4.226143 1.745130
0.740000 4.232116 1.771150
0.750000 4.237742 1.797291
0.760000 4.243020 1.823554
0.770000 4.247953 1.849936
0.780000 4.252541 1.876438
0.790000 4.256787 1.903058
0.800000 4.260692 1.929797
0.810000 4.264257 1.956652
0.820000 4.267484 1.983623
0.830000 4.270377 2.010709
0.840000 4.272937 2.037909
0.850000 4.275166 2.065221
0.860000 4.277068 2.092644
0.870000 4.278644 2.120178
0.880000 4.279899 2.147821
0.890000 4.280835 2.175572
0.900000 4.281456 2.203429
0.910000 4.281764 2.231390
0.920000 4.281764 2.259456
0.930000 4.281459 2.287624
0.940000 4.280852 2.315892
0.950000 4.279949 2.344260
0.960000 4.278753 2.372725
0.970000 4.277268 2.401287
0.980000 4.275498 2.429943
0.990000 4.273449 2.458693
1.000000 4.271124 2.487534
1.010000 4.268529 2.516466
1.020000 4.265668 2.545486
1.030000 4.262547 2.574592
1.040000 4.259170 2.603784
1.050000 4.255542 2.633060
1.060000 4.251670 2.662417
1.070000 4.247557 2.691855
1.080000 4.243210 2.721372
1.090000 4.238635 2.750965
1.100000 4.233836 2.780634
1.110000 4.228820 2.810377
1.120000 4.223593 2.840192
1.130000 4.218160 2.870077
1.140000 4.212528 2.900030
1.150000 4.206702 2.930051
1.160000 4.200688 2.960137
1.170000 4.194494 2.990286
1.180000 4.188124 3.020498
1.190000 4.181585 3.050770
1.200000 4.174885 3.081100
1.210000 4.168028 3.111488
1.220000 4.161022 3.141931
1.230000 4.153872 3.172427
1.240000 4.146587 3.202976
1.250000 4.139171 3.233575
1.260000 4.131631 3.264222
1.270000 4.123975 3.294917
1.280000 4.116208 3.325657
1.290000 4.108338 3.356441
1.300000 4.100371 3.387267
1.310000 4.092313 3.418134
1.320000 4.084171 3.449039
1.330000 4.075952 3.479983
1.340000 4.067663 3.510961
1.350000 4.059310 3.541975
1.360000 4.050899 3.573020
1.370000 4.042437 3.604097
1.380000 4.033931 3.635204
1.390000 4.025388 3.666338
1.400000 4.016813 3.697499
1.410000 4.008213 3.728684
1.420000 3.999595 3.759893
1.430000 3.990965 3.791124
1.440000 3.982330 3.822376
1.450000 3.973695 3.853646
1.460000 3.965066 3.884933
1.470000 3.956451 3.916236
1.480000 3.947854 3.947554
1.490000 3.939283 3.978884
1.500000 3.930743 4.010226
1.510000 3.922239 4.041578
1.520000 3.913778 4.072938
1.530000 3.905366 4.104306
1.540000 3.897008 4.135679
1.550000 3.888709 4.167056
1.560000 3.880476 4.198436
1.570000 3.872313 4.229817
1.580000 3.864225 4.261198
1.590000 3.856219 4.292578
1.600000 3.848298 4.323955
1.610000 3.840469 4.355327
1.620000 3.832735 4.386694
1.630000 3.825102 4.418054
1.640000 3.817574 4.449405
1.650000 3.810156 4.480747
1.660000 3.802851 4.512077
1.670000 3.795666 4.543394
1.680000 3.788602 4.574698
1.690000 3.781665 4.605986
1.700000 3.774859 4.637257
1.710000 3.768186 4.668510
1.720000 3.761651 4.699744
1.730000 3.755258 4.730957
1.740000 3.749009 4.762147
1.750000 3.742908 4.793314
1.760000 3.736957 4.824456
1.770000 3.731161 4.855571
1.780000 3.725521 4.886659
1.790000 3.720040 4.917717
1.800000 3.714721 4.948745
1.810000 3.709565 4.979741
1.820000 3.704576 5.010703
1.830000 3.699755 5.041631
1.840000 3.695105 5.072523
1.850000 3.690626 5.103377
1.860000 3.686320 5.134192
1.870000 3.682189 5.164967
1.880000 3.678234 5.195700
1.890000 3.674457 5.226390
1.900000 3.670857 5.257035
1.910000 3.667437 5.287634
1.920000 3.664196 5.318186
1.930000 3.661135 5.348688
1.940000 3.658254 5.379140
1.950000 3.655554 5.409540
1.960000 3.653035 5.439887
1.970000 3.650695 5.470179
1.980000 3.648536 5.500414
1.990000 3.646557 5.530591
2.000000 3.644757 5.560708
2.010000 3.643135 5.590765
2.020000 3.641690 5.620759
2.030000 3.640421 5.650688
2.040000 3.639328 5.680552
2.050000 3.638409 5.710349
2.060000 3.637661 5.740076
2.070000 3.637084 5.769733
2.080000 3.636676 5.799317
2.090000 3.636435 5.828828
2.100000 3.636358 5.858263
2.110000 3.636444 5.887621
2.120000 3.636690 5.916900
2.130000 3.637093 5.946098
2.140000 3.637652 5.975214
2.150000 3.638362 6.004245
2.160000 3.639222 6.033191
2.170000 3.640228 6.062049
2.180000 3.641376 6.090817
2.190000 3.642665 6.119494
2.200000 3.644090 6.148078
2.210000 3.645647 6.176567
2.220000 3.647334 6.204959
2.230000 3.649146 6.233253
2.240000 3.651079 6.261445
2.250000 3.653130 6.289535
2.260000 3.655294 6.317521
2.270000 3.657567 6.345400
2.280000 3.659946 6.373170
2.290000 3.662424 6.400830
2.300000 3.664999 6.428378
2.310000 3.667664 6.455811
2.320000 3.670417 6.483127
2.330000 3.673251 6.510324
2.340000 3.676163 6.537401
2.350000 3.679146 6.564355
2.360000 3.682197 6.591184
2.370000 3.685310 6.617885
2.380000 3.688480 6.644458
2.390000 3.691702 6.670898
2.400000 3.694970 6.697205
2.410000 3.698280 6.723376
2.420000 3.701625 6.749408
2.430000 3.705001 6.775300
2.440000 3.708402 6.801050
2.450000 3.711822 6.826654
2.460000 3.715256 6.852110
2.470000 3.718699 6.877417
2.480000 3.722144 6.902572
2.490000 3.725587 6.927572
2.500000 3.729021 6.952415
2.510000 3.732441 6.977098
2.520000 3.735841 7.001620
2.530000 3.739215 7.025978
2.540000 3.742559 7.050169
2.550000 3.745865 7.074190
2.560000 3.749129 7.098040
2.570000 3.752344 7.121716
2.580000 3.755506 7.145215
2.590000 3.758608 7.168535
2.600000 3.761644 7.191673
2.610000 3.764609 7.214626
2.620000 3.767498 7.237393
2.630000 3.770305 7.259970
2.640000 3.773024 7.282354
2.650000 3.775649 7.304544
2.660000 3.778176 7.326536
2.670000 3.780599 7.348329
2.680000 3.782912 7.369918
2.690000 3.785111 7.391302
2.700000 3.787189 7.412478
2.710000 3.789142 7.433443
2.720000 3.790964 7.454194
2.730000 3.792651 7.474729
2.740000 3.794197 7.495046
2.750000 3.795598 7.515140
2.760000 3.796848 7.535010
2.770000 3.797943 7.554653
2.780000 3.798878 7.574067
2.790000 3.799648 7.593247
2.800000 3.800249 7.612192
2.810000 3.800677 7.630900
2.820000 3.800927 7.649366
2.830000 3.800994 7.667589
2.840000 3.800876 7.685565
2.850000 3.800567 7.703292
2.860000 3.800064 7.720767
2.870000 3.799362 7.737988
2.880000 3.798459 7.754951
2.890000 3.797351 7.771654
2.900000 3.796033 7.788095
2.910000 3.794504 7.804269
2.920000 3.792759 7.820175
2.930000 3.790796 7.835810
2.940000 3.788611 7.851172
2.950000 3.786201 7.866256
2.960000 3.783565 7.881061
2.970000 3.780699 7.895585
2.980000 3.777601 7.909823
2.990000 3.774269 7.923775
3.000000 3.770700 7.937436
3.010000 3.766892 7.950804
3.020000 3.762844 7.963877
3.030000 3.758554 7.976652
3.040000 3.754020 7.989127
3.050000 3.749241 8.001298
3.060000 3.744216 8.013163
3.070000 3.738943 8.024720
3.080000 3.733421 8.035966
3.090000 3.727650 8.046898
3.100000 3.721629 8.057514
3.110000 3.715357 8.067811
3.120000 3.708834 8.077788
3.130000 3.702060 8.087441
3.140000 3.695035 8.096767
3.150000 3.687758 8.105766
3.160000 3.680231 8.114433
3.170000 3.672453 8.122768
3.180000 3.664425 8.130767
3.190000 3.656147 8.138428
3.200000 3.647622 8.145748
3.210000 3.638849 8.152727
3.220000 3.629830 8.159360
3.230000 3.620566 8.165647
3.240000 3.611058 8.171585
3.250000 3.601310 8.177171
3.260000 3.591321 8.182404
3.270000 3.581094 8.187281
3.280000 3.570632 8.191801
3.290000 3.559936 8.195962
3.300000 3.549009 8.199761
3.310000 3.537853 8.203196
3.320000 3.526471 8.206266
3.330000 3.514867 8.208969
3.340000 3.503042 8.211302
3.350000 3.491001 8.213265
3.360000 3.478746 8.214855
3.370000 3.466281 8.216070
3.380000 3.453610 8.216909
3.390000 3.440735 8.217371
3.400000 3.427662 8.217452
3.410000 3.414393 8.217153
3.420000 3.400933 8.216472
3.430000 3.387287 8.215406
3.440000 3.373458 8.213955
3.450000 3.359452 8.212117
3.460000 3.345272 8.209890
3.470000 3.330923 8.207275
3.480000 3.316410 8.204268
3.490000 3.301739 8.200869
3.500000 3.286914 8.197077
3.510000 3.271940 8.192891
3.520000 3.256823 8.188309
3.530000 3.241568 8.183331
3.540000 3.226180 8.177955
3.550000 3.210665 8.172181
3.560000 3.195029 8.166007
3.570000 3.179277 8.159433
3.580000 3.163415 8.152459
3.590000 3.147450 8.145082
3.600000 3.131386 8.137304
3.610000 3.115231 8.129122
3.620000 3.098990 8.120537
3.630000 3.082669 8.111547
3.640000 3.066276 8.102153
3.650000 3.049815 8.092354
3.660000 3.033294 8.082149
3.670000 3.016719 8.071538
3.680000 3.000096 8.060521
3.690000 2.983433 8.049098
3.700000 2.966734 8.037269
3.710000 2.950009 8.025032
3.720000 2.933262 8.012389
3.730000 2.916500 7.999339
3.740000 2.899731 7.985883
3.750000 2.882961 7.972020
3.760000 2.866197 7.957750
3.770000 2.849445 7.943074
3.780000 2.832713 7.927992
3.790000 2.816007 7.912504
3.800000 2.799334 7.896611
3.810000 2.782701 7.880312
3.820000 2.766115 7.863610
3.830000 2.749582 7.846502
3.840000 2.733110 7.828992
3.850000 2.716705 7.811079
3.860000 2.700373 7.792763
3.870000 2.684122 7.774046
3.880000 2.667959 7.754928
3.890000 2.651889 7.735410
3.900000 2.635920 7.715493
3.910000 2.620059 7.695177
3.920000 2.604311 7.674465
3.930000 2.588684 7.653357
3.940000 2.573183 7.631853
3.950000 2.557816 7.609956
3.960000 2.542589 7.587665
3.970000 2.527508 7.564984
3.980000 2.512579 7.541911
3.990000 2.497809 7.518450
4.000000 2.483203 7.494602
4.010000 2.468768 7.470367
4.020000 2.454509 7.445748
4.030000 2.440433 7.420745
4.040000 2.426546 7.395361
4.050000 2.412852 7.369597
4.060000 2.399358 7.343455
4.070000 2.386070 7.316936
4.080000 2.372992 7.290042
4.090000 2.360130 7.262776
4.100000 2.347489 7.235138
4.110000 2.335075 7.207131
4.120000 2.322892 7.178756
4.130000 2.310946 7.150016
4.140000 2.299241 7.120913
4.150000 2.287781 7.091448
4.160000 2.276572 7.061625
4.170000 2.265618 7.031444
4.180000 2.254923 7.000908
4.190000 2.244492 6.970020
4.200000 2.234327 6.938781
4.210000 2.224435 6.907194
4.220000 2.214817 6.875262
4.230000 2.205478 6.842986
4.240000 2.196422 6.810369
4.250000 2.187652 6.777414
4.260000 2.179170 6.744123
4.270000 2.170981 6.710498
4.280000 2.163087 6.676543
4.290000 2.155491 6.642259
4.300000 2.148196 6.607649
4.310000 2.141204 6.572717
4.320000 2.134517 6.537464
4.330000 2.128139 6.501893
4.340000 2.122070 6.466008
4.350000 2.116313 6.429811
4.360000 2.110870 6.393304
4.370000 2.105742 6.356491
4.380000 2.100930 6.319375
4.390000 2.096437 6.281958
4.400000 2.092263 6.244243
4.410000 2.088409 6.206233
4.420000 2.084876 6.167932
4.430000 2.081665 6.129342
4.440000 2.078777 6.090466
4.450000 2.076210 6.051307
4.460000 2.073967 6.011869
4.470000 2.072047 5.972155
4.480000 2.070449 5.932166
4.490000 2.069175 5.891908
4.500000 2.068222 5.851382
4.510000 2.067591 5.810593
4.520000 2.067281 5.769542
4.530000 2.067291 5.728235
4.540000 2.067620 5.686672
4.550000 2.068267 5.644859
4.560000 2.069230 5.602798
4.570000 2.070509 5.560492
4.580000 2.072101 5.517945
4.590000 2.074004 5.475160
4.600000 2.076218 5.432141
4.610000 2.078739 5.388890
4.620000 2.081566 5.345411
4.630000 2.084696 5.301708
4.640000 2.088126 5.257783
4.650000 2.091855 5.213640
4.660000 2.095879 5.169283
4.670000 2.100195 5.124715
4.680000 2.104801 5.079939
4.690000 2.109692 5.034959
4.700000 2.114867 4.989778
4.710000 2.120322 4.944399
4.720000 2.126052 4.898827
4.730000 2.132055 4.853063
4.740000 2.138326 4.807113
4.750000 2.144862 4.760979
4.760000 2.151659 4.714665
4.770000 2.158712 4.668174
4.780000 2.166018 4.621509
4.790000 2.173572 4.574675
4.800000 2.181369 4.527674
4.810000 2.189406 4.480510
4.820000 2.197677 4.433187
4.830000 2.206177 4.385708
4.840000 2.214903 4.338076
4.850000 2.223849 4.290295
4.860000 2.233009 4.242369
4.870000 2.242380 4.194300
4.880000 2.251956 4.146093
4.890000 2.261731 4.097750
4.900000 2.271700 4.049276
4.910000 2.281859 4.000673
4.920000 2.292201 3.951945
4.930000 2.302722 3.903097
4.940000 2.313415 3.854130
4.950000 2.324274 3.805048
4.960000 2.335296 3.755856
4.970000 2.346473 3.706556
4.980000 2.357800 3.657152
4.990000 2.369271 3.607647
5.000000 2.380880 3.558044
5.010000 2.392622 3.508348
5.020000 2.404491 3.458561
5.030000 2.416481 3.408688
5.040000 2.428585 3.358730
5.050000 2.440799 3.308693
5.060000 2.453115 3.258578
5.070000 2.465528 3.208391
5.080000 2.478033 3.158133
5.090000 2.490623 3.107808
5.100000 2.503292 3.057420
5.110000 2.516034 3.006973
5.120000 2.528843 2.956468
5.130000 2.541714 2.905911
5.140000 2.554640 2.855303
5.150000 2.567615 2.804649
5.160000 2.580635 2.753952
5.170000 2.593692 2.703215
5.180000 2.606781 2.652442
5.190000 2.619896 2.601635
5.200000 2.633032 2.550798
5.210000 2.646182 2.499935
5.220000 2.659341 2.449049
5.230000 2.672504 2.398143
5.240000 2.685664 2.347220
5.250000 2.698817 2.296283
5.260000 2.711957 2.245337
5.270000 2.725078 2.194383
5.280000 2.738175 2.143426
5.290000 2.751243 2.092469
5.300000 2.764277 2.041515
5.310000 2.777271 1.990567
5.320000 2.790221 1.939628
5.330000 2.803121 1.888702
5.340000 2.815967 1.837792
5.350000 2.828753 1.786901
5.360000 2.841476 1.736032
5.370000 2.854130 1.685189
5.380000 2.866710 1.634375
5.390000 2.879213 1.583593
5.400000 2.891635 1.532846
5.410000 2.903970 1.482138
5.420000 2.916214 1.431471
5.430000 2.928365 1.380849
5.440000 2.940417 1.330275
5.450000 2.952366 1.279753
5.460000 2.964210 1.229285
5.470000 2.975945 1.178874
5.480000 2.987566 1.128525
5.490000 2.999072 1.078239
5.500000 3.010457 1.028021
5.510000 3.021720 0.977873
5.520000 3.032857 0.927798
5.530000 3.043866 0.877801
5.540000 3.054743 0.827883
5.550000 3.065486 0.778049
5.560000 3.076093 0.728300
5.570000 3.086561 0.678642
5.580000 3.096887 0.629076
5.590000 3.107071 0.579606
5.600000 3.117109 0.530234
5.610000 3.127000 0.480966
5.620000 3.136742 0.431802
5.630000 3.146333 0.382748
5.640000 3.155773 0.333805
5.650000 3.165059 0.284977
5.660000 3.174191 0.236267
5.670000 3.183167 0.187679
5.680000 3.191987 0.139216
5.690000 3.200650 0.090880
5.700000 3.209155 0.042676
5.710000 3.217501 -0.005395
5.720000 3.225689 -0.053327
5.730000 3.233718 -0.101119
5.740000 3.241587 -0.148767
5.750000 3.249298 -0.196268
5.760000 3.256850 -0.243619
5.770000 3.264243 -0.290815
5.780000 3.271477 -0.337855
5.790000 3.278554 -0.384735
5.800000 3.285475 -0.431451
5.810000 3.292238 -0.478000
5.820000 3.298847 -0.524379
5.830000 3.305302 -0.570586
5.840000 3.311603 -0.616615
5.850000 3.317753 -0.662465
5.860000 3.323753 -0.708131
5.870000 3.329604 -0.753611
5.880000 3.335308 -0.798901
5.890000 3.340867 -0.843998
5.900000 3.346283 -0.888899
5.910000 3.351557 -0.933600
5.920000 3.356692 -0.978097
5.930000 3.361691 -1.022388
5.940000 3.366555 -1.066470
5.950000 3.371287 -1.110338
5.960000 3.375890 -1.153990
5.970000 3.380366 -1.197421
5.980000 3.384718 -1.240630
5.990000 3.388949 -1.283611
6.000000 3.393062 -1.326363
6.010000 3.397060 -1.368881
6.020000 3.400946 -1.411161
6.030000 3.404723 -1.453202
6.040000 3.408395 -1.494999
6.050000 3.411966 -1.536548
6.060000 3.415437 -1.577847
6.070000 3.418814 -1.618891
6.080000 3.422100 -1.659678
6.090000 3.425298 -1.700204
6.100000 3.428413 -1.740465
6.110000 3.431448 -1.780459
6.120000 3.434407 -1.820180
6.130000 3.437294 -1.859627
6.140000 3.440112 -1.898795
6.150000 3.442867 -1.937681
6.160000 3.445562 -1.976282
6.170000 3.448202 -2.014593
6.180000 3.450790 -2.052612
6.190000 3.453331 -2.090335
6.200000 3.455829 -2.127758
6.210000 3.458289 -2.164878
6.220000 3.460714 -2.201692
6.230000 3.463109 -2.238195
6.240000 3.465479 -2.274384
6.250000 3.467828 -2.310256
6.260000 3.470160 -2.345807
6.270000 3.472480 -2.381034
6.280000 3.474793 -2.415932
6.290000 3.477102 -2.450500
6.300000 3.479412 -2.484732
6.310000 3.481727 -2.518625
6.320000 3.484053 -2.552176
6.330000 3.486393 -2.585382
6.340000 3.488752 -2.618238
6.350000 3.491134 -2.650741
6.360000 3.493544 -2.682888
6.370000 3.495986 -2.714674
6.380000 3.498464 -2.746098
6.390000 3.500983 -2.777154
6.400000 3.503547 -2.807840
6.410000 3.506160 -2.838151
6.420000 3.508826 -2.868085
6.430000 3.511550 -2.897638
6.440000 3.514335 -2.926806
6.450000 3.517186 -2.955586
6.460000 3.520106 -2.983974
6.470000 3.523101 -3.011967
6.480000 3.526172 -3.039561
6.490000 3.529325 -3.066753
6.500000 3.532563 -3.093540
6.510000 3.535890 -3.119918
6.520000 3.539309 -3.145882
6.530000 3.542823 -3.171432
6.540000 3.546438 -3.196561
6.550000 3.550155 -3.221268
6.560000 3.553977 -3.245549
6.570000 3.557910 -3.269400
6.580000 3.561954 -3.292819
6.590000 3.566114 -3.315801
6.600000 3.570392 -3.338343
6.610000 3.574791 -3.360443
6.620000 3.579315 -3.382097
6.630000 3.583965 -3.403301
6.640000 3.588743 -3.424052
6.650000 3.593654 -3.444348
6.660000 3.598698 -3.464185
6.670000 3.603878 -3.483559
6.680000 3.609197 -3.502468
6.690000 3.614656 -3.520908
6.700000 3.620256 -3.538877
6.710000 3.626001 -3.556371
6.720000 3.631891 -3.573387
6.730000 3.637928 -3.589922
6.740000 3.644113 -3.605973
6.750000 3.650448 -3.621538
6.760000 3.656934 -3.636613
6.770000 3.663571 -3.651195
6.780000 3.670361 -3.665281
6.790000 3.677305 -3.678869
6.800000 3.684403 -3.691956
6.810000 3.691655 -3.704539
6.820000 3.699063 -3.716615
6.830000 3.706625 -3.728182
6.840000 3.714343 -3.739236
6.850000 3.722216 -3.749776
6.860000 3.730245 -3.759798
6.870000 3.738428 -3.769300
6.880000 3.746765 -3.778279
6.890000 3.755257 -3.786734
6.900000 3.763902 -3.794661
6.910000 3.772698 -3.802059
6.920000 3.781647 -3.808924
6.930000 3.790745 -3.815255
6.940000 3.799993 -3.821048
6.950000 3.809388 -3.826303
6.960000 3.818930 -3.831017
6.970000 3.828616 -3.835187
6.980000 3.838444 -3.838812
6.990000 3.848414 -3.841889
7.000000 3.858522 -3.844417
7.010000 3.868767 -3.846394
7.020000 3.879146 -3.847817
7.030000 3.889657 -3.848685
7.040000 3.900297 -3.848996
7.050000 3.911064 -3.848748
7.060000 3.921955 -3.847940
7.070000 3.932966 -3.846569
7.080000 3.944096 -3.844635
7.090000 3.955340 -3.842136
7.100000 3.966695 -3.839071
7.110000 3.978159 -3.835437
7.120000 3.989727 -3.831234
7.130000 4.001395 -3.826460
7.140000 4.013161 -3.821114
7.150000 4.025020 -3.815194
7.160000 4.036967 -3.808701
7.170000 4.049001 -3.801632
7.180000 4.061114 -3.793987
7.190000 4.073305 -3.785764
7.200000 4.085568 -3.776963
7.210000 4.097899 -3.767583
7.220000 4.110292 -3.757622
7.230000 4.122745 -3.747082
7.240000 4.135251 -3.735960
7.250000 4.147806 -3.724256
7.260000 4.160405 -3.711970
7.270000 4.173043 -3.699100
7.280000 4.185715 -3.685648
7.290000 4.198415 -3.671612
7.300000 4.211140 -3.656992
7.310000 4.223882 -3.641788
7.320000 4.236637 -3.626000
7.330000 4.249400 -3.609627
7.340000 4.262165 -3.592670
7.350000 4.274926 -3.575129
7.360000 4.287678 -3.557003
7.370000 4.300416 -3.538294
7.380000 4.313132 -3.519001
7.390000 4.325823 -3.499124
7.400000 4.338481 -3.478664
7.410000 4.351102 -3.457622
7.420000 4.363680 -3.435997
7.430000 4.376207 -3.413791
7.440000 4.388680 -3.391004
7.450000 4.401091 -3.367637
7.460000 4.413435 -3.343690
7.470000 4.425706 -3.319165
7.480000 4.437897 -3.294062
7.490000 4.450004 -3.268383
7.500000 4.462020 -3.242128
7.510000 4.473938 -3.215298
7.520000 4.485754 -3.187895
7.530000 4.497461 -3.159919
7.540000 4.509053 -3.131373
7.550000 4.520525 -3.102258
7.560000 4.531870 -3.072574
7.570000 4.543082 -3.042324
7.580000 4.554156 -3.011509
7.590000 4.565086 -2.980130
7.600000 4.575865 -2.948190
7.610000 4.586490 -2.915690
7.620000 4.596952 -2.882632
7.630000 4.607248 -2.849018
7.640000 4.617371 -2.814850
7.650000 4.627316 -2.780130
7.660000 4.637076 -2.744859
7.670000 4.646648 -2.709041
7.680000 4.656025 -2.672677
7.690000 4.665202 -2.635769
7.700000 4.674174 -2.598320
7.710000 4.682935 -2.560333
7.720000 4.691481 -2.521809
7.730000 4.699807 -2.482752
7.740000 4.707907 -2.443163
7.750000 4.715776 -2.403046
7.760000 4.723411 -2.362403
7.770000 4.730806 -2.321236
7.780000 4.737956 -2.279550
7.790000 4.744857 -2.237346
7.800000 4.751506 -2.194627
7.810000 4.757896 -2.151397
7.820000 4.764025 -2.107659
7.830000 4.769888 -2.063415
7.840000 4.775482 -2.018668
7.850000 4.780802 -1.973423
7.860000 4.785844 -1.927682
7.870000 4.790606 -1.881448
7.880000 4.795083 -1.834725
7.890000 4.799272 -1.787517
7.900000 4.803171 -1.739826
7.910000 4.806775 -1.691656
7.920000 4.810082 -1.643011
7.930000 4.813089 -1.593894
7.940000 4.815794 -1.544310
7.950000 4.818194 -1.494261
7.960000 4.820285 -1.443751
7.970000 4.822067 -1.392785
7.980000 4.823537 -1.341366
7.990000 4.824693 -1.289497
8.000000 4.825533 -1.237184
8.010000 4.826055 -1.184430
8.020000 4.826258 -1.131238
8.030000 4.826140 -1.077613
8.040000 4.825701 -1.023560
8.050000 4.824938 -0.969081
8.060000 4.823852 -0.914181
8.070000 4.822441 -0.858866
8.080000 4.820704 -0.803137
8.090000 4.818641 -0.747001
8.100000 4.816253 -0.690461
8.110000 4.813537 -0.633522
8.120000 4.810495 -0.576188
8.130000 4.807127 -0.518463
8.140000 4.803433 -0.460353
8.150000 4.799413 -0.401860
8.160000 4.795068 -0.342991
8.170000 4.790399 -0.283749
8.180000 4.785406 -0.224138
8.190000 4.780091 -0.164165
8.200000 4.774455 -0.103832
8.210000 4.768499 -0.043146
8.220000 4.762225 0.017890
8.230000 4.755634 0.079271
8.240000 4.748729 0.140992
8.250000 4.741511 0.203048
8.260000 4.733983 0.265435
8.270000 4.726146 0.328147
8.280000 4.718003 0.391181
8.290000 4.709558 0.454530
8.300000 4.700811 0.518191
8.310000 4.691767 0.582158
8.320000 4.682429 0.646427
8.330000 4.672799 0.710993
8.340000 4.662881 0.775850
8.350000 4.652678 0.840994
8.360000 4.642195 0.906420
8.370000 4.631434 0.972123
8.380000 4.620399 1.038097
8.390000 4.609095 1.104339
8.400000 4.597526 1.170842
8.410000 4.585696 1.237603
8.420000 4.573609 1.304615
8.430000 4.561269 1.371875
8.440000 4.548682 1.439376
8.450000 4.535853 1.507114
8.460000 4.522785 1.575083
8.470000 4.509484 1.643280
8.480000 4.495955 1.711698
8.490000 4.482203 1.780332
8.500000 4.468234 1.849178
8.510000 4.454053 1.918231
8.520000 4.439665 1.987485
8.530000 4.425075 2.056935
8.540000 4.410291 2.126576
8.550000 4.395317 2.196404
8.560000 4.380158 2.266412
8.570000 4.364823 2.336597
8.580000 4.349315 2.406952
8.590000 4.333641 2.477473
8.600000 4.317808 2.548154
8.610000 4.301821 2.618991
8.620000 4.285687 2.689979
8.630000 4.269412 2.761112
8.640000 4.253003 2.832385
8.650000 4.236466 2.903794
8.660000 4.219807 2.975333
8.670000 4.203034 3.046996
8.680000 4.186152 3.118780
8.690000 4.169168 3.190679
8.700000 4.152090 3.262688
8.710000 4.134923 3.334802
8.720000 4.117675 3.407015
8.730000 4.100352 3.479323
8.740000 4.082961 3.551722
8.750000 4.065509 3.624204
8.760000 4.048003 3.696767
8.770000 4.030449 3.769404
8.780000 4.012854 3.842111
8.790000 3.995225 3.914883
8.800000 3.977569 3.987715
8.810000 3.959893 4.060601
8.820000 3.942204 4.133537
8.830000 3.924507 4.206518
8.840000 3.906811 4.279539
8.850000 3.889122 4.352595
8.860000 3.871446 4.425681
8.870000 3.853790 4.498792
8.880000 3.836161 4.571924
8.890000 3.818566 4.645070
8.900000 3.801011 4.718227
8.910000 3.783502 4.791390
8.920000 3.766047 4.864553
8.930000 3.748651 4.937713
8.940000 3.731321 5.010863
8.950000 3.714063 5.083999
8.960000 3.696884 5.157117
8.970000 3.679789 5.230211
8.980000 3.662785 5.303277
8.990000 3.645878 5.376310
9.000000 3.629074 5.449305
9.010000 3.612378 5.522257
9.020000 3.595797 5.595162
9.030000 3.579336 5.668014
9.040000 3.563001 5.740810
9.050000 3.546797 5.813544
9.060000 3.530730 5.886212
9.070000 3.514805 5.958808
9.080000 3.499027 6.031329
9.090000 3.483402 6.103769
9.100000 3.467934 6.176125
9.110000 3.452629 6.248390
9.120000 3.437491 6.320561
9.130000 3.422524 6.392632
9.140000 3.407734 6.464600
9.150000 3.393125 6.536459
9.160000 3.378701 6.608205
9.170000 3.364466 6.679834
9.180000 3.350424 6.751340
9.190000 3.336580 6.822719
9.200000 3.322937 6.893967
9.210000 3.309498 6.965078
9.220000 3.296268 7.036049
9.230000 3.283249 7.106875
9.240000 3.270445 7.177550
9.250000 3.257860 7.248072
9.260000 3.245495 7.318434
9.270000 3.233353 7.388633
9.280000 3.221438 7.458664
9.290000 3.209752 7.528522
9.300000 3.198297 7.598203
9.310000 3.187076 7.667703
9.320000 3.176090 7.737017
9.330000 3.165341 7.806139
9.340000 3.154832 7.875067
9.350000 3.144563 7.943795
9.360000 3.134537 8.012319
9.370000 3.124754 8.080635
9.380000 3.115216 8.148737
9.390000 3.105923 8.216622
9.400000 3.096877 8.284284
9.410000 3.088078 8.351721
9.420000 3.079527 8.418926
9.430000 3.071223 8.485895
9.440000 3.063168 8.552625
9.450000 3.055361 8.619111
9.460000 3.047802 8.685347
9.470000 3.040490 8.751330
9.480000 3.033427 8.817056
9.490000 3.026610 8.882519
9.500000 3.020039 8.947716
9.510000 3.013713 9.012642
9.520000 3.007632 9.077292
9.530000 3.001793 9.141662
9.540000 2.996196 9.205747
9.550000 2.990839 9.269544
9.560000 2.985721 9.333048
9.570000 2.980840 9.396254
9.580000 2.976193 9.459157
9.590000 2.971779 9.521754
9.600000 2.967596 9.584040
9.610000 2.963641 9.646011
9.620000 2.959912 9.707661
9.630000 2.956405 9.768987
9.640000 2.953119 9.829985
9.650000 2.950051 9.890649
9.660000 2.947197 9.950975
9.670000 2.944554 10.010960
9.680000 2.942119 10.070598
9.690000 2.939889 10.129885
9.700000 2.937860 10.188816
9.710000 2.936029 10.247388
9.720000 2.934391 10.305595
9.730000 2.932944 10.363434
9.740000 2.931682 10.420900
9.750000 2.930602 10.477988
9.760000 2.929699 10.534694
9.770000 2.928970 10.591013
9.780000 2.928411 10.646942
9.790000 2.928015 10.702476
9.800000 2.927780 10.757609
9.810000 2.927700 10.812339
9.820000 2.927771 10.866660
9.830000 2.927987 10.920568
9.840000 2.928345 10.974059
9.850000 2.928838 11.027127
9.860000 2.929462 11.079770
9.870000 2.930212 11.131981
9.880000 2.931083 11.183758
9.890000 2.932069 11.235095
9.900000 2.933165 11.285988
9.910000 2.934365 11.336432
9.920000 2.935665 11.386424
9.930000 2.937059 11.435959
9.940000 2.938542 11.485032
9.950000 2.940107 11.533639
9.960000 2.941750 11.581776
9.970000 2.943464 11.629438
9.980000 2.945245 11.676620
9.990000 2.947086 11.723320
10.000000 2.948981 11.769531
10.010000 2.950926 11.815250
10.020000 2.952915 11.860473
10.030000 2.954941 11.905194
10.040000 2.956999 11.949411
10.050000 2.959084 11.993117
10.060000 2.961189 12.036310
10.070000 2.963310 12.078984
10.080000 2.965439 12.121136
10.090000 2.967573 12.162761
10.100000 2.969704 12.203855
10.110000 2.971828 12.244413
10.120000 2.973939 12.284431
10.130000 2.976031 12.323906
10.140000 2.978098 12.362833
10.150000 2.980136 12.401207
10.160000 2.982139 12.439024
10.170000 2.984102 12.476281
10.180000 2.986018 12.512972
10.190000 2.987883 12.549095
10.200000 2.989692 12.584644
10.210000 2.991440 12.619616
10.220000 2.993120 12.654007
10.230000 2.994729 12.687811
10.240000 2.996262 12.721026
10.250000 2.997713 12.753648
10.260000 2.999077 12.785672
10.270000 3.000351 12.817094
10.280000 3.001529 12.847910
10.290000 3.002606 12.878116
10.300000 3.003579 12.907709
10.310000 3.004443 12.936685
10.320000 3.005194 12.965039
10.330000 3.005827 12.992768
10.340000 3.006338 13.019868
10.350000 3.006725 13.046334
10.360000 3.006981 13.072165
10.370000 3.007105 13.097355
10.380000 3.007092 13.121900
10.390000 3.006939 13.145798
10.400000 3.006643 13.169045
10.410000 3.006200 13.191637
10.420000 3.005607 13.213570
10.430000 3.004861 13.234841
10.440000 3.003959 13.255446
10.450000 3.002899 13.275382
10.460000 3.001678 13.294646
10.470000 3.000293 13.313233
10.480000 2.998743 13.331142
10.490000 2.997024 13.348368
10.500000 2.995136 13.364908
10.510000 2.993075 13.380759
10.520000 2.990841 13.395917
10.530000 2.988432 13.410380
10.540000 2.985845 13.424145
10.550000 2.983081 13.437208
10.560000 2.980138 13.449567
10.570000 2.977014 13.461218
10.580000 2.973709 13.472158
10.590000 2.970223 13.482385
10.600000 2.966554 13.491896
10.610000 2.962702 13.500689
10.620000 2.958668 13.508759
10.630000 2.954451 13.516106
10.640000 2.950050 13.522725
10.650000 2.945467 13.528616
10.660000 2.940702 13.533774
10.670000 2.935754 13.538198
10.680000 2.930626 13.541885
10.690000 2.925318 13.544834
10.700000 2.919830 13.547041
10.710000 2.914164 13.548504
10.720000 2.908322 13.549222
10.730000 2.902304 13.549192
10.740000 2.896113 13.548413
10.750000 2.889750 13.546882
10.760000 2.883217 13.544597
10.770000 2.876516 13.541557
10.780000 2.869650 13.537760
10.790000 2.862621 13.533203
10.800000 2.855431 13.527887
10.810000 2.848083 13.521808
10.820000 2.840580 13.514965
10.830000 2.832925 13.507358
10.840000 2.825121 13.498984
10.850000 2.817172 13.489843
10.860000 2.809080 13.479932
10.870000 2.800849 13.469252
10.880000 2.792483 13.457800
10.890000 2.783986 13.445577
10.900000 2.775362 13.432580
10.910000 2.766614 13.418809
10.920000 2.757747 13.404264
10.930000 2.748766 13.388943
10.940000 2.739674 13.372846
10.950000 2.730476 13.355973
10.960000 2.721177 13.338322
10.970000 2.711782 13.319894
10.980000 2.702296 13.300688
10.990000 2.692723 13.280704
11.000000 2.683069 13.259941
11.010000 2.673339 13.238400
11.020000 2.663538 13.216081
11.030000 2.653671 13.192984
11.040000 2.643745 13.169108
11.050000 2.633765 13.144454
11.060000 2.623736 13.119022
11.070000 2.613664 13.092814
11.080000 2.603556 13.065828
11.090000 2.593416 13.038066
11.100000 2.583251 13.009528
11.110000 2.573067 12.980215
11.120000 2.562871 12.950128
11.130000 2.552667 12.919268
11.140000 2.542463 12.887636
11.150000 2.532266 12.855231
11.160000 2.522080 12.822057
11.170000 2.511913 12.788114
11.180000 2.501770 12.753403
11.190000 2.491660 12.717925
11.200000 2.481587 12.681683
11.210000 2.471559 12.644677
11.220000 2.461582 12.606909
11.230000 2.451662 12.568381
11.240000 2.441807 12.529095
11.250000 2.432023 12.489052
11.260000 2.422316 12.448254
11.270000 2.412694 12.406704
11.280000 2.403162 12.364404
11.290000 2.393727 12.321355
11.300000 2.384397 12.277560
11.310000 2.375177 12.233022
11.320000 2.366075 12.187742
11.330000 2.357096 12.141724
11.340000 2.348248 12.094969
11.350000 2.339537 12.047482
11.360000 2.330969 11.999263
11.370000 2.322551 11.950316
11.380000 2.314289 11.900645
11.390000 2.306190 11.850252
11.400000 2.298260 11.799139
11.410000 2.290505 11.747311
11.420000 2.282932 11.694771
11.430000 2.275547 11.641521
11.440000 2.268355 11.587565
11.450000 2.261363 11.532908
11.460000 2.254577 11.477551
11.470000 2.248002 11.421499
11.480000 2.241645 11.364755
11.490000 2.235511 11.307324
11.500000 2.229606 11.249209
11.510000 2.223935 11.190414
11.520000 2.218505 11.130942
11.530000 2.213319 11.070799
11.540000 2.208384 11.009988
11.550000 2.203704 10.948513
11.560000 2.199285 10.886379
11.570000 2.195132 10.823590
11.580000 2.191249 10.760150
11.590000 2.187641 10.696064
11.600000 2.184313 10.631336
11.610000 2.181268 10.565972
11.620000 2.178513 10.499975
11.630000 2.176050 10.433350
11.640000 2.173883 10.366103
11.650000 2.172018 10.298238
11.660000 2.170457 10.229759
11.670000 2.169203 10.160673
11.680000 2.168262 10.090984
11.690000 2.167635 10.020697
11.700000 2.167327 9.949817
11.710000 2.167340 9.878350
11.720000 2.167677 9.806301
11.730000 2.168341 9.733675
11.740000 2.169334 9.660478
11.750000 2.170660 9.586715
11.760000 2.172319 9.512391
11.770000 2.174315 9.437513
11.780000 2.176650 9.362085
11.790000 2.179324 9.286114
11.800000 2.182340 9.209605
11.810000 2.185699 9.132564
11.820000 2.189403 9.054997
11.830000 2.193452 8.976909
11.840000 2.197848 8.898307
11.850000 2.202591 8.819197
11.860000 2.207682 8.739584
11.870000 2.213121 8.659474
11.880000 2.218908 8.578875
11.890000 2.225045 8.497791
11.900000 2.231529 8.416229
11.910000 2.238362 8.334195
11.920000 2.245542 8.251696
11.930000 2.253070 8.168737
11.940000 2.260943 8.085326
11.950000 2.269162 8.001467
11.960000 2.277725 7.917169
11.970000 2.286631 7.832437
11.980000 2.295878 7.747277
11.990000 2.305464 7.661697
12.000000 2.315388 7.575702
12.010000 2.325648 7.489300
12.020000 2.336240 7.402496
12.030000 2.347164 7.315298
12.040000 2.358416 7.227711
12.050000 2.369993 7.139744
12.060000 2.381893 7.051402
12.070000 2.394113 6.962692
12.080000 2.406649 6.873620
12.090000 2.419498 6.784195
12.100000 2.432656 6.694421
12.110000 2.446120 6.604307
12.120000 2.459885 6.513859
12.130000 2.473948 6.423083
12.140000 2.488304 6.331987
12.150000 2.502950 6.240577
12.160000 2.517879 6.148861
12.170000 2.533089 6.056845
12.180000 2.548573 5.964536
12.190000 2.564327 5.871941
12.200000 2.580346 5.779066
12.210000 2.596625 5.685920
12.220000 2.613158 5.592508
12.230000 2.629939 5.498838
12.240000 2.646964 5.404917
12.250000 2.664225 5.310751
12.260000 2.681718 5.216348
12.270000 2.699436 5.121715
12.280000 2.717373 5.026858
12.290000 2.735523 4.931784
12.300000 2.753879 4.836501
12.310000 2.772435 4.741016
12.320000 2.791184 4.645335
12.330000 2.810119 4.549465
12.340000 2.829234 4.453414
12.350000 2.848522 4.357188
12.360000 2.867976 4.260794
12.370000 2.887588 4.164240
12.380000 2.907352 4.067532
12.390000 2.927260 3.970677
12.400000 2.947304 3.873683
12.410000 2.967478 3.776556
12.420000 2.987774 3.679302
12.430000 3.008185 3.581930
12.440000 3.028702 3.484446
12.450000 3.049318 3.386857
12.460000 3.070026 3.289169
12.470000 3.090817 3.191391
12.480000 3.111683 3.093528
12.490000 3.132618 2.995587
12.500000 3.153613 2.897576
12.510000 3.174659 2.799501
12.520000 3.195750 2.701369
12.530000 3.216876 2.603188
12.540000 3.238031 2.504963
12.550000 3.259206 2.406701
12.560000 3.280393 2.308410
12.570000 3.301584 2.210096
12.580000 3.322770 2.111766
12.590000 3.343945 2.013427
12.600000 3.365099 1.915085
12.610000 3.386225 1.816748
12.620000 3.407315 1.718421
12.630000 3.428361 1.620112
12.640000 3.449354 1.521827
12.650000 3.470287 1.423573
12.660000 3.491153 1.325357
12.670000 3.511942 1.227184
12.680000 3.532648 1.129063
12.690000 3.553262 1.030999
12.700000 3.573777 0.932998
12.710000 3.594184 0.835069
12.720000 3.614478 0.737216
12.730000 3.634649 0.639447
12.740000 3.654690 0.541767
12.750000 3.674594 0.444185
12.760000 3.694354 0.346705
12.770000 3.713961 0.249334
12.780000 3.733410 0.152080
12.790000 3.752693 0.054947
12.800000 3.771802 -0.042056
12.810000 3.790732 -0.138925
12.820000 3.809474 -0.235653
12.830000 3.828023 -0.332233
12.840000 3.846371 -0.428659
12.850000 3.864513 -0.524925
12.860000 3.882441 -0.621025
12.870000 3.900149 -0.716951
12.880000 3.917632 -0.812699
12.890000 3.934882 -0.908262
12.900000 3.951895 -1.003634
12.910000 3.968664 -1.098808
12.920000 3.985184 -1.193779
12.930000 4.001448 -1.288540
12.940000 4.017453 -1.383086
12.950000 4.033191 -1.477409
12.960000 4.048659 -1.571505
12.970000 4.063850 -1.665367
12.980000 4.078761 -1.758988
12.990000 4.093386 -1.852364
13.000000 4.107722 -1.945488
13.010000 4.121762 -2.038354
13.020000 4.135504 -2.130956
13.030000 4.148944 -2.223289
13.040000 4.162076 -2.315345
13.050000 4.174898 -2.407121
13.060000 4.187405 -2.498608
13.070000 4.199595 -2.589803
13.080000 4.211463 -2.680698
13.090000 4.223008 -2.771289
13.100000 4.234225 -2.861569
13.110000 4.245113 -2.951532
13.120000 4.255667 -3.041173
13.130000 4.265887 -3.130487
13.140000 4.275770 -3.219466
13.150000 4.285313 -3.308106
13.160000 4.294515 -3.396401
13.170000 4.303374 -3.484346
13.180000 4.311889 -3.571933
13.190000 4.320057 -3.659159
13.200000 4.327878 -3.746017
13.210000 4.335351 -3.832502
13.220000 4.342474 -3.918608
13.230000 4.349248 -4.004330
13.240000 4.355671 -4.089661
13.250000 4.361744 -4.174597
13.260000 4.367466 -4.259132
13.270000 4.372837 -4.343260
13.280000 4.377857 -4.426977
13.290000 4.382527 -4.510275
13.300000 4.386847 -4.593151
13.310000 4.390818 -4.675598
13.320000 4.394441 -4.757611
13.330000 4.397717 -4.839185
13.340000 4.400647 -4.920314
13.350000 4.403232 -5.000993
13.360000 4.405475 -5.081216
13.370000 4.407377 -5.160978
13.380000 4.408939 -5.240274
13.390000 4.410164 -5.319099
13.400000 4.411054 -5.397446
13.410000 4.411612 -5.475311
13.420000 4.411840 -5.552689
13.430000 4.411740 -5.629574
13.440000 4.411317 -5.705961
13.450000 4.410572 -5.781844
13.460000 4.409508 -5.857219
13.470000 4.408130 -5.932079
13.480000 4.406440 -6.006421
13.490000 4.404443 -6.080239
13.500000 4.402142 -6.153527
13.510000 4.399540 -6.226280
13.520000 4.396643 -6.298493
13.530000 4.393453 -6.370162
13.540000 4.389976 -6.441280
13.550000 4.386216 -6.511843
13.560000 4.382177 -6.581846
13.570000 4.377864 -6.651283
13.580000 4.373282 -6.720150
13.590000 4.368435 -6.788441
13.600000 4.363329 -6.856151
13.610000 4.357969 -6.923276
13.620000 4.352360 -6.989810
13.630000 4.346508 -7.055748
13.640000 4.340417 -7.121086
13.650000 4.334094 -7.185817
13.660000 4.327544 -7.249938
13.670000 4.320772 -7.313444
13.680000 4.313785 -7.376328
13.690000 4.306588 -7.438587
13.700000 4.299187 -7.500216
13.710000 4.291588 -7.561209
13.720000 4.283798 -7.621562
13.730000 4.275823 -7.681270
13.740000 4.267668 -7.740328
13.750000 4.259340 -7.798732
13.760000 4.250845 -7.856476
13.770000 4.242190 -7.913555
13.780000 4.233382 -7.969966
13.790000 4.224425 -8.025702
13.800000 4.215328 -8.080760
13.810000 4.206096 -8.135135
13.820000 4.196736 -8.188821
13.830000 4.187255 -8.241815
13.840000 4.177660 -8.294112
13.850000 4.167956 -8.345707
13.860000 4.158150 -8.396595
13.870000 4.148250 -8.446772
13.880000 4.138262 -8.496234
13.890000 4.128192 -8.544975
13.900000 4.118046 -8.592991
13.910000 4.107833 -8.640278
13.920000 4.097558 -8.686832
13.930000 4.087228 -8.732647
13.940000 4.076849 -8.777720
13.950000 4.066428 -8.822046
13.960000 4.055971 -8.865620
13.970000 4.045486 -8.908439
13.980000 4.034977 -8.950498
13.990000 4.024453 -8.991793
14.000000 4.013919 -9.032319
14.010000 4.003381 -9.072073
14.020000 3.992846 -9.111049
14.030000 3.982320 -9.149245
14.040000 3.971809 -9.186656
14.050000 3.961319 -9.223277
14.060000 3.950857 -9.259105
14.070000 3.940427 -9.294136
14.080000 3.930037 -9.328365
14.090000 3.919691 -9.361790
14.100000 3.909396 -9.394405
14.110000 3.899156 -9.426207
14.120000 3.888978 -9.457192
14.130000 3.878868 -9.487357
14.140000 3.868830 -9.516697
14.150000 3.858869 -9.545209
14.160000 3.848991 -9.572889
14.170000 3.839201 -9.599734
14.180000 3.829504 -9.625739
14.190000 3.819904 -9.650903
14.200000 3.810406 -9.675220
14.210000 3.801016 -9.698687
14.220000 3.791736 -9.721302
14.230000 3.782573 -9.743060
14.240000 3.773529 -9.763959
14.250000 3.764609 -9.783994
14.260000 3.755818 -9.803164
14.270000 3.747158 -9.821464
14.280000 3.738633 -9.838892
14.290000 3.730248 -9.855444
14.300000 3.722006 -9.871118
14.310000 3.713909 -9.885910
14.320000 3.705961 -9.899818
14.330000 3.698166 -9.912839
14.340000 3.690525 -9.924969
14.350000 3.683042 -9.936207
14.360000 3.675719 -9.946550
14.370000 3.668559 -9.955994
14.380000 3.661564 -9.964537
14.390000 3.654736 -9.972178
14.400000 3.648077 -9.978912
14.410000 3.641589 -9.984739
14.420000 3.635274 -9.989656
14.430000 3.629132 -9.993659
14.440000 3.623166 -9.996748
14.450000 3.617377 -9.998920
14.460000 3.611766 -10.000173
14.470000 3.606333 -10.000505
14.480000 3.601080 -9.999915
14.490000 3.596007 -9.998399
14.500000 3.591114 -9.995957
14.510000 3.586402 -9.992586
14.520000 3.581871 -9.988285
14.530000 3.577520 -9.983053
14.540000 3.573350 -9.976888
14.550000 3.569361 -9.969788
14.560000 3.565551 -9.961752
14.570000 3.561920 -9.952779
14.580000 3.558468 -9.942868
14.590000 3.555193 -9.932017
14.600000 3.552094 -9.920225
14.610000 3.549170 -9.907492
14.620000 3.546420 -9.893816
14.630000 3.543841 -9.879197
14.640000 3.541433 -9.863633
14.650000 3.539194 -9.847125
14.660000 3.537120 -9.829671
14.670000 3.535212 -9.811271
14.680000 3.533465 -9.791925
14.690000 3.531877 -9.771632
14.700000 3.530447 -9.750391
14.710000 3.529171 -9.728204
14.720000 3.528046 -9.705069
14.730000 3.527071 -9.680986
14.740000 3.526240 -9.655957
14.750000 3.525552 -9.629979
14.760000 3.525003 -9.603055
14.770000 3.524589 -9.575184
14.780000 3.524307 -9.546367
14.790000 3.524154 -9.516604
14.800000 3.524124 -9.485895
14.810000 3.524216 -9.454242
14.820000 3.524423 -9.421644
14.830000 3.524743 -9.388104
14.840000 3.525172 -9.353621
14.850000 3.525704 -9.318197
14.860000 3.526335 -9.281833
14.870000 3.527061 -9.244530
14.880000 3.527878 -9.206289
14.890000 3.528779 -9.167112
14.900000 3.529762 -9.126999
14.910000 3.530821 -9.085953
14.920000 3.531950 -9.043976
14.930000 3.533146 -9.001068
14.940000 3.534402 -8.957232
14.950000 3.535714 -8.912469
14.960000 3.537076 -8.866782
14.970000 3.538484 -8.820172
14.980000 3.539932 -8.772642
14.990000 3.541414 -8.724194
15.000000 3.542925 -8.674831
15.010000 3.544460 -8.624553
15.020000 3.546013 -8.573366
15.030000 3.547579 -8.521269
15.040000 3.549152 -8.468268
15.050000 3.550726 -8.414363
15.060000 3.552296 -8.359559
15.070000 3.553856 -8.303858
15.080000 3.555401 -8.247263
15.090000 3.556924 -8.189777
15.100000 3.558421 -8.131403
15.110000 3.559885 -8.072145
15.120000 3.561311 -8.012007
15.130000 3.562692 -7.950991
15.140000 3.564024 -7.889101
15.150000 3.565301 -7.826341
15.160000 3.566517 -7.762714
15.170000 3.567666 -7.698225
15.180000 3.568743 -7.632877
15.190000 3.569742 -7.566675
15.200000 3.570658 -7.499622
15.210000 3.571485 -7.431722
15.220000 3.572217 -7.362980
15.230000 3.572850 -7.293401
15.240000 3.573377 -7.222988
15.250000 3.573794 -7.151746
15.260000 3.574094 -7.079680
15.270000 3.574274 -7.006794
15.280000 3.574327 -6.933093
15.290000 3.574248 -6.858582
15.300000 3.574033 -6.783265
15.310000 3.573677 -6.707149
15.320000 3.573174 -6.630237
15.330000 3.572519 -6.552536
15.340000 3.571709 -6.474049
15.350000 3.570738 -6.394783
15.360000 3.569601 -6.314743
15.370000 3.568295 -6.233934
15.380000 3.566814 -6.152362
15.390000 3.565155 -6.070032
15.400000 3.563314 -5.986951
15.410000 3.561285 -5.903123
15.420000 3.559066 -5.818555
15.430000 3.556652 -5.733253
15.440000 3.554039 -5.647222
15.450000 3.551225 -5.560468
15.460000 3.548204 -5.472998
15.470000 3.544975 -5.384818
15.480000 3.541533 -5.295933
15.490000 3.537876 -5.206351
15.500000 3.534000 -5.116077
15.510000 3.529903 -5.025119
15.520000 3.525581 -4.933482
15.530000 3.521032 -4.841173
15.540000 3.516254 -4.748198
15.550000 3.511244 -4.654565
15.560000 3.506000 -4.560280
15.570000 3.500519 -4.465349
15.580000 3.494801 -4.369780
15.590000 3.488842 -4.273580
15.600000 3.482642 -4.176755
15.610000 3.476199 -4.079312
15.620000 3.469511 -3.981259
15.630000 3.462577 -3.882603
15.640000 3.455396 -3.783350
15.650000 3.447968 -3.683508
15.660000 3.440291 -3.583084
15.670000 3.432365 -3.482086
15.680000 3.424189 -3.380521
15.690000 3.415763 -3.278396
15.700000 3.407088 -3.175718
15.710000 3.398162 -3.072496
15.720000 3.388986 -2.968737
15.730000 3.379560 -2.864448
15.740000 3.369886 -2.759636
15.750000 3.359963 -2.654310
15.760000 3.349792 -2.548478
15.770000 3.339374 -2.442146
15.780000 3.328711 -2.335323
15.790000 3.317803 -2.228017
15.800000 3.306652 -2.120234
15.810000 3.295259 -2.011984
15.820000 3.283627 -1.903275
15.830000 3.271757 -1.794113
15.840000 3.259651 -1.684507
15.850000 3.247311 -1.574465
15.860000 3.234740 -1.463995
15.870000 3.221940 -1.353106
15.880000 3.208914 -1.241804
15.890000 3.195664 -1.130099
15.900000 3.182193 -1.017997
15.910000 3.168505 -0.905509
15.920000 3.154603 -0.792641
15.930000 3.140490 -0.679402
15.940000 3.126169 -0.565800
15.950000 3.111644 -0.451843
15.960000 3.096919 -0.337540
15.970000 3.081998 -0.222899
15.980000 3.066884 -0.107928
15.990000 3.051583 0.007365
16.000000 3.036098 0.122971
16.010000 3.020433 0.238882
16.020000 3.004593 0.355090
16.030000 2.988583 0.471586
16.040000 2.972408 0.588362
16.050000 2.956072 0.705409
16.060000 2.939580 0.822720
16.070000 2.922938 0.940285
16.080000 2.906150 1.058097
16.090000 2.889223 1.176146
16.100000 2.872161 1.294425
16.110000 2.854969 1.412926
16.120000 2.837654 1.531639
16.130000 2.820222 1.650556
16.140000 2.802677 1.769669
16.150000 2.785026 1.888970
16.160000 2.767275 2.008450
16.170000 2.749430 2.128100
16.180000 2.731497 2.247912
16.190000 2.713481 2.367878
16.200000 2.695390 2.487990
16.210000 2.677230 2.608238
16.220000 2.659006 2.728615
16.230000 2.640726 2.849112
16.240000 2.622396 2.969720
16.250000 2.604022 3.090432
16.260000 2.585611 3.211238
16.270000 2.567170 3.332131
16.280000 2.548704 3.453102
16.290000 2.530222 3.574143
16.300000 2.511729 3.695245
16.310000 2.493233 3.816400
16.320000 2.474740 3.937600
16.330000 2.456257 4.058835
16.340000 2.437790 4.180099
16.350000 2.419347 4.301383
16.360000 2.400934 4.422677
16.370000 2.382559 4.543975
16.380000 2.364227 4.665268
16.390000 2.345946 4.786547
16.400000 2.327723 4.907804
16.410000 2.309564 5.029031
16.420000 2.291477 5.150220
16.430000 2.273468 5.271363
16.440000 2.255543 5.392451
16.450000 2.237710 5.513476
16.460000 2.219974 5.634430
16.470000 2.202344 5.755305
16.480000 2.184825 5.876093
16.490000 2.167424 5.996785
16.500000 2.150148 6.117374
16.510000 2.133002 6.237852
16.520000 2.115994 6.358209
16.530000 2.099130 6.478440
16.540000 2.082416 6.598534
16.550000 2.065858 6.718485
16.560000 2.049463 6.838284
16.570000 2.033236 6.957924
16.580000 2.017184 7.077396
16.590000 2.001312 7.196692
16.600000 1.985627 7.315805
16.610000 1.970134 7.434727
16.620000 1.954839 7.553450
16.630000 1.939748 7.671965
16.640000 1.924865 7.790266
16.650000 1.910197 7.908344
16.660000 1.895749 8.026192
16.670000 1.881526 8.143802
16.680000 1.867533 8.261166
16.690000 1.853775 8.378276
16.700000 1.840257 8.495125
16.710000 1.826983 8.611705
16.720000 1.813959 8.728008
16.730000 1.801189 8.844027
16.740000 1.788678 8.959753
16.750000 1.776429 9.075181
16.760000 1.764446 9.190301
16.770000 1.752735 9.305107
16.780000 1.741298 9.419591
16.790000 1.730140 9.533745
16.800000 1.719263 9.647562
16.810000 1.708673 9.761034
16.820000 1.698371 9.874154
16.830000 1.688362 9.986915
16.840000 1.678647 10.099309
16.850000 1.669231 10.211329
16.860000 1.660116 10.322967
16.870000 1.651305 10.434217
16.880000 1.642799 10.545070
16.890000 1.634602 10.655520
16.900000 1.626716 10.765559
16.910000 1.619142 10.875180
16.920000 1.611882 10.984376
16.930000 1.604939 11.093139
16.940000 1.598314 11.201463
16.950000 1.592008 11.309340
16.960000 1.586023 11.416764
16.970000 1.580359 11.523726
16.980000 1.575017 11.630221
16.990000 1.570000 11.736240
17.000000 1.565306 11.841778
17.010000 1.560936 11.946826
17.020000 1.556892 12.051378
17.030000 1.553172 12.155427
17.040000 1.549777 12.258966
17.050000 1.546708 12.361987
17.060000 1.543963 12.464485
17.070000 1.541541 12.566452
17.080000 1.539444 12.667882
17.090000 1.537669 12.768767
17.100000 1.536216 12.869100
17.110000 1.535084 12.968876
17.120000 1.534271 13.068086
17.130000 1.533777 13.166725
17.140000 1.533599 13.264785
17.150000 1.533736 13.362261
17.160000 1.534186 13.459144
17.170000 1.534948 13.555429
17.180000 1.536018 13.651109
17.190000 1.537396 13.746177
17.200000 1.539078 13.840627
17.210000 1.541062 13.934451
17.220000 1.543345 14.027645
17.230000 1.545924 14.120200
17.240000 1.548797 14.212110
17.250000 1.551961 14.303370
17.260000 1.555412 14.393972
17.270000 1.559147 14.483910
17.280000 1.563162 14.573178
17.290000 1.567454 14.661769
17.300000 1.572020 14.749677
17.310000 1.576855 14.836895
17.320000 1.581955 14.923417
17.330000 1.587317 15.009238
17.340000 1.592936 15.094350
17.350000 1.598809 15.178747
17.360000 1.604930 15.262423
17.370000 1.611295 15.345373
17.380000 1.617900 15.427589
17.390000 1.624740 15.509065
17.400000 1.631811 15.589796
17.410000 1.639107 15.669776
17.420000 1.646623 15.748997
17.430000 1.654355 15.827455
17.440000 1.662298 15.905143
17.450000 1.670445 15.982055
17.460000 1.678793 16.058185
17.470000 1.687336 16.133528
17.480000 1.696068 16.208077
17.490000 1.704984 16.281827
17.500000 1.714079 16.354771
17.510000 1.723346 16.426904
17.520000 1.732781 16.498220
17.530000 1.742378 16.568713
17.540000 1.752130 16.638377
17.550000 1.762033 16.707208
17.560000 1.772080 16.775198
17.570000 1.782266 16.842343
17.580000 1.792585 16.908637
17.590000 1.803031 16.974074
17.600000 1.813597 17.038649
17.610000 1.824279 17.102356
17.620000 1.835071 17.165189
17.630000 1.845965 17.227144
17.640000 1.856957 17.288215
17.650000 1.868040 17.348397
17.660000 1.879209 17.407683
17.670000 1.890457 17.466069
17.680000 1.901779 17.523550
17.690000 1.913168 17.580121
17.700000 1.924619 17.635775
17.710000 1.936126 17.690509
17.720000 1.947682 17.744316
17.730000 1.959283 17.797193
17.740000 1.970922 17.849133
17.750000 1.982593 17.900132
17.760000 1.994291 17.950185
17.770000 2.006009 17.999287
17.780000 2.017743 18.047433
17.790000 2.029486 18.094618
17.800000 2.041233 18.140838
17.810000 2.052979 18.186088
17.820000 2.064717 18.230363
17.830000 2.076443 18.273659
17.840000 2.088151 18.315971
17.850000 2.099836 18.357293
17.860000 2.111492 18.397623
17.870000 2.123114 18.436956
17.880000 2.134698 18.475286
17.890000 2.146238 18.512611
17.900000 2.157729 18.548925
17.910000 2.169167 18.584224
17.920000 2.180546 18.618504
17.930000 2.191862 18.651762
17.940000 2.203111 18.683992
17.950000 2.214287 18.715191
17.960000 2.225387 18.745355
17.970000 2.236406 18.774481
17.980000 2.247340 18.802563
17.990000 2.258184 18.829599
18.000000 2.268936 18.855585
18.010000 2.279591 18.880517
18.020000 2.290144 18.904391
18.030000 2.300593 18.927205
18.040000 2.310935 18.948954
18.050000 2.321164 18.969635
18.060000 2.331279 18.989245
18.070000 2.341276 19.007780
18.080000 2.351151 19.025237
18.090000 2.360903 19.041614
18.100000 2.370527 19.056907
18.110000 2.380022 19.071113
18.120000 2.389385 19.084229
18.130000 2.398613 19.096252
18.140000 2.407704 19.107180
18.150000 2.416655 19.117009
18.160000 2.425466 19.125738
18.170000 2.434133 19.133363
18.180000 2.442655 19.139881
18.190000 2.451031 19.145292
18.200000 2.459258 19.149592
18.210000 2.467335 19.152778
18.220000 2.475262 19.154850
18.230000 2.483036 19.155804
18.240000 2.490658 19.155638
18.250000 2.498125 19.154351
18.260000 2.505438 19.151941
18.270000 2.512596 19.148406
18.280000 2.519598 19.143744
18.290000 2.526443 19.137953
18.300000 2.533133 19.131032
18.310000 2.539666 19.122980
18.320000 2.546043 19.113794
18.330000 2.552264 19.103475
18.340000 2.558329 19.092020
18.350000 2.564239 19.079428
18.360000 2.569995 19.065699
18.370000 2.575597 19.050831
18.380000 2.581045 19.034823
18.390000 2.586342 19.017675
18.400000 2.591488 18.999386
18.410000 2.596484 18.979955
18.420000 2.601332 18.959382
18.430000 2.606033 18.937667
18.440000 2.610588 18.914808
18.450000 2.615001 18.890806
18.460000 2.619272 18.865661
18.470000 2.623403 18.839373
18.480000 2.627397 18.811940
18.490000 2.631255 18.783365
18.500000 2.634980 18.753646
18.510000 2.638575 18.722784
18.520000 2.642041 18.690780
18.530000 2.645382 18.657634
18.540000 2.648600 18.623346
18.550000 2.651698 18.587918
18.560000 2.654679 18.551349
18.570000 2.657546 18.513642
18.580000 2.660303 18.474796
18.590000 2.662951 18.434813
18.600000 2.665495 18.393695
18.610000 2.667938 18.351441
18.620000 2.670283 18.308054
18.630000 2.672534 18.263535
18.640000 2.674694 18.217886
18.650000 2.676768 18.171108
18.660000 2.678758 18.123203
18.670000 2.680669 18.074173
18.680000 2.682505 18.024019
18.690000 2.684269 17.972744
18.700000 2.685966 17.920350
18.710000 2.687599 17.866839
18.720000 2.689173 17.812214
18.730000 2.690691 17.756476
18.740000 2.692159 17.699629
18.750000 2.693579 17.641674
18.760000 2.694957 17.582615
18.770000 2.696297 17.522455
18.780000 2.697603 17.461195
18.790000 2.698879 17.398841
18.800000 2.700130 17.335393
18.810000 2.701360 17.270856
18.820000 2.702573 17.205233
18.830000 2.703775 17.138527
18.840000 2.704969 17.070742
18.850000 2.706160 17.001882
18.860000 2.707353 16.931949
18.870000 2.708551 16.860948
18.880000 2.709760 16.788882
18.890000 2.710983 16.715757
18.900000 2.712225 16.641574
18.910000 2.713491 16.566340
18.920000 2.714785 16.490057
18.930000 2.716112 16.412731
18.940000 2.717475 16.334365
18.950000 2.718879 16.254965
18.960000 2.720328 16.174534
18.970000 2.721827 16.093079
18.980000 2.723380 16.010602
18.990000 2.724990 15.927109
19.000000 2.726663 15.842606
19.010000 2.728402 15.757097
19.020000 2.730211 15.670587
19.030000 2.732095 15.583082
19.040000 2.734056 15.494587
19.050000 2.736100 15.405107
19.060000 2.738229 15.314648
19.070000 2.740448 15.223215
19.080000 2.742761 15.130814
19.090000 2.745170 15.037451
19.100000 2.747679 14.943132
19.110000 2.750292 14.847862
19.120000 2.753012 14.751648
19.130000 2.755843 14.654495
19.140000 2.758787 14.556410
19.150000 2.761848 14.457399
19.160000 2.765028 14.357468
19.170000 2.768331 14.256624
19.180000 2.771760 14.154873
19.190000 2.775316 14.052222
19.200000 2.779003 13.948677
19.210000 2.782824 13.844245
19.220000 2.786780 13.738933
19.230000 2.790874 13.632748
19.240000 2.795108 13.525696
19.250000 2.799484 13.417785
19.260000 2.804004 13.309021
19.270000 2.808671 13.199412
19.280000 2.813485 13.088965
19.290000 2.818448 12.977687
19.300000 2.823562 12.865585
19.310000 2.828828 12.752667
19.320000 2.834247 12.638941
19.330000 2.839821 12.524414
19.340000 2.845550 12.409093
19.350000 2.851436 12.292986
19.360000 2.857478 12.176101
19.370000 2.863678 12.058446
19.380000 2.870036 11.940028
19.390000 2.876553 11.820855
19.400000 2.883228 11.700936
19.410000 2.890062 11.580277
19.420000 2.897054 11.458889
19.430000 2.904205 11.336777
19.440000 2.911513 11.213951
19.450000 2.918980 11.090419
19.460000 2.926603 10.966189
19.470000 2.934382 10.841269
19.480000 2.942317 10.715668
19.490000 2.950406 10.589394
19.500000 2.958648 10.462456
19.510000 2.967042 10.334862
19.520000 2.975587 10.206620
19.530000 2.984280 10.077739
19.540000 2.993121 9.948229
19.550000 3.002107 9.818097
19.560000 3.011236 9.687352
19.570000 3.020507 9.556003
19.580000 3.029917 9.424059
19.590000 3.039464 9.291529
19.600000 3.049145 9.158421
19.610000 3.058958 9.024744
19.620000 3.068900 8.890508
19.630000 3.078968 8.755721
19.640000 3.089159 8.620392
19.650000 3.099471 8.484531
19.660000 3.109899 8.348146
19.670000 3.120440 8.211246
19.680000 3.131092 8.073842
19.690000 3.141850 7.935940
19.700000 3.152712 7.797552
19.710000 3.163672 7.658686
19.720000 3.174727 7.519351
19.730000 3.185874 7.379557
19.740000 3.197107 7.239313
19.750000 3.208423 7.098628
19.760000 3.219818 6.957512
19.770000 3.231287 6.815973
19.780000 3.242825 6.674021
19.790000 3.254428 6.531666
19.800000 3.266092 6.388917
19.810000 3.277811 6.245784
19.820000 3.289580 6.102275
19.830000 3.301396 5.958400
19.840000 3.313251 5.814169
19.850000 3.325143 5.669591
19.860000 3.337065 5.524676
19.870000 3.349011 5.379433
19.880000 3.360978 5.233872
19.890000 3.372959 5.088001
19.900000 3.384949 4.941831
19.910000 3.396942 4.795372
19.920000 3.408933 4.648632
19.930000 3.420917 4.501621
19.940000 3.432887 4.354349
19.950000 3.444838 4.206826
19.960000 3.456764 4.059060
19.970000 3.468660 3.911062
19.980000 3.480519 3.762841
19.990000 3.492336 3.614407
20.000000 3.504105 3.465768
